5151
(
(0 0)
(0.002 0)
(0.004 0)
(0.006 0)
(0.008 0)
(0.01 0)
(0.012 0)
(0.014 0)
(0.016 0)
(0.018 0)
(0.02 0)
(0.022 0)
(0.024 0)
(0.026 0)
(0.028 0)
(0.03 0)
(0.032 0)
(0.034 0)
(0.036 0)
(0.038 0)
(0.04 0)
(0.042 0)
(0.044 0)
(0.046 0)
(0.048 0)
(0.05 0)
(0.052 0)
(0.054 0)
(0.056 0)
(0.058 0)
(0.06 0)
(0.062 0)
(0.064 0)
(0.066 0)
(0.068 0)
(0.07 0)
(0.072 0)
(0.074 0)
(0.076 0)
(0.078 0)
(0.08 0)
(0.082 0)
(0.084 0)
(0.086 0)
(0.088 0)
(0.09 0)
(0.092 0)
(0.094 0)
(0.096 0)
(0.098 0)
(0.1 0)
(0 0.001)
(0.002 0.001)
(0.004 0.001)
(0.006 0.001)
(0.008 0.001)
(0.01 0.001)
(0.012 0.001)
(0.014 0.001)
(0.016 0.001)
(0.018 0.001)
(0.02 0.001)
(0.022 0.001)
(0.024 0.001)
(0.026 0.001)
(0.028 0.001)
(0.03 0.001)
(0.032 0.001)
(0.034 0.001)
(0.036 0.001)
(0.038 0.001)
(0.04 0.001)
(0.042 0.001)
(0.044 0.001)
(0.046 0.001)
(0.048 0.001)
(0.05 0.001)
(0.052 0.001)
(0.054 0.001)
(0.056 0.001)
(0.058 0.001)
(0.06 0.001)
(0.062 0.001)
(0.064 0.001)
(0.066 0.001)
(0.068 0.001)
(0.07 0.001)
(0.072 0.001)
(0.074 0.001)
(0.076 0.001)
(0.078 0.001)
(0.08 0.001)
(0.082 0.001)
(0.084 0.001)
(0.086 0.001)
(0.088 0.001)
(0.09 0.001)
(0.092 0.001)
(0.094 0.001)
(0.096 0.001)
(0.098 0.001)
(0.1 0.001)
(0 0.002)
(0.002 0.002)
(0.004 0.002)
(0.006 0.002)
(0.008 0.002)
(0.01 0.002)
(0.012 0.002)
(0.014 0.002)
(0.016 0.002)
(0.018 0.002)
(0.02 0.002)
(0.022 0.002)
(0.024 0.002)
(0.026 0.002)
(0.028 0.002)
(0.03 0.002)
(0.032 0.002)
(0.034 0.002)
(0.036 0.002)
(0.038 0.002)
(0.04 0.002)
(0.042 0.002)
(0.044 0.002)
(0.046 0.002)
(0.048 0.002)
(0.05 0.002)
(0.052 0.002)
(0.054 0.002)
(0.056 0.002)
(0.058 0.002)
(0.06 0.002)
(0.062 0.002)
(0.064 0.002)
(0.066 0.002)
(0.068 0.002)
(0.07 0.002)
(0.072 0.002)
(0.074 0.002)
(0.076 0.002)
(0.078 0.002)
(0.08 0.002)
(0.082 0.002)
(0.084 0.002)
(0.086 0.002)
(0.088 0.002)
(0.09 0.002)
(0.092 0.002)
(0.094 0.002)
(0.096 0.002)
(0.098 0.002)
(0.1 0.002)
(0 0.003)
(0.002 0.003)
(0.004 0.003)
(0.006 0.003)
(0.008 0.003)
(0.01 0.003)
(0.012 0.003)
(0.014 0.003)
(0.016 0.003)
(0.018 0.003)
(0.02 0.003)
(0.022 0.003)
(0.024 0.003)
(0.026 0.003)
(0.028 0.003)
(0.03 0.003)
(0.032 0.003)
(0.034 0.003)
(0.036 0.003)
(0.038 0.003)
(0.04 0.003)
(0.042 0.003)
(0.044 0.003)
(0.046 0.003)
(0.048 0.003)
(0.05 0.003)
(0.052 0.003)
(0.054 0.003)
(0.056 0.003)
(0.058 0.003)
(0.06 0.003)
(0.062 0.003)
(0.064 0.003)
(0.066 0.003)
(0.068 0.003)
(0.07 0.003)
(0.072 0.003)
(0.074 0.003)
(0.076 0.003)
(0.078 0.003)
(0.08 0.003)
(0.082 0.003)
(0.084 0.003)
(0.086 0.003)
(0.088 0.003)
(0.09 0.003)
(0.092 0.003)
(0.094 0.003)
(0.096 0.003)
(0.098 0.003)
(0.1 0.003)
(0 0.004)
(0.002 0.004)
(0.004 0.004)
(0.006 0.004)
(0.008 0.004)
(0.01 0.004)
(0.012 0.004)
(0.014 0.004)
(0.016 0.004)
(0.018 0.004)
(0.02 0.004)
(0.022 0.004)
(0.024 0.004)
(0.026 0.004)
(0.028 0.004)
(0.03 0.004)
(0.032 0.004)
(0.034 0.004)
(0.036 0.004)
(0.038 0.004)
(0.04 0.004)
(0.042 0.004)
(0.044 0.004)
(0.046 0.004)
(0.048 0.004)
(0.05 0.004)
(0.052 0.004)
(0.054 0.004)
(0.056 0.004)
(0.058 0.004)
(0.06 0.004)
(0.062 0.004)
(0.064 0.004)
(0.066 0.004)
(0.068 0.004)
(0.07 0.004)
(0.072 0.004)
(0.074 0.004)
(0.076 0.004)
(0.078 0.004)
(0.08 0.004)
(0.082 0.004)
(0.084 0.004)
(0.086 0.004)
(0.088 0.004)
(0.09 0.004)
(0.092 0.004)
(0.094 0.004)
(0.096 0.004)
(0.098 0.004)
(0.1 0.004)
(0 0.005)
(0.002 0.005)
(0.004 0.005)
(0.006 0.005)
(0.008 0.005)
(0.01 0.005)
(0.012 0.005)
(0.014 0.005)
(0.016 0.005)
(0.018 0.005)
(0.02 0.005)
(0.022 0.005)
(0.024 0.005)
(0.026 0.005)
(0.028 0.005)
(0.03 0.005)
(0.032 0.005)
(0.034 0.005)
(0.036 0.005)
(0.038 0.005)
(0.04 0.005)
(0.042 0.005)
(0.044 0.005)
(0.046 0.005)
(0.048 0.005)
(0.05 0.005)
(0.052 0.005)
(0.054 0.005)
(0.056 0.005)
(0.058 0.005)
(0.06 0.005)
(0.062 0.005)
(0.064 0.005)
(0.066 0.005)
(0.068 0.005)
(0.07 0.005)
(0.072 0.005)
(0.074 0.005)
(0.076 0.005)
(0.078 0.005)
(0.08 0.005)
(0.082 0.005)
(0.084 0.005)
(0.086 0.005)
(0.088 0.005)
(0.09 0.005)
(0.092 0.005)
(0.094 0.005)
(0.096 0.005)
(0.098 0.005)
(0.1 0.005)
(0 0.006)
(0.002 0.006)
(0.004 0.006)
(0.006 0.006)
(0.008 0.006)
(0.01 0.006)
(0.012 0.006)
(0.014 0.006)
(0.016 0.006)
(0.018 0.006)
(0.02 0.006)
(0.022 0.006)
(0.024 0.006)
(0.026 0.006)
(0.028 0.006)
(0.03 0.006)
(0.032 0.006)
(0.034 0.006)
(0.036 0.006)
(0.038 0.006)
(0.04 0.006)
(0.042 0.006)
(0.044 0.006)
(0.046 0.006)
(0.048 0.006)
(0.05 0.006)
(0.052 0.006)
(0.054 0.006)
(0.056 0.006)
(0.058 0.006)
(0.06 0.006)
(0.062 0.006)
(0.064 0.006)
(0.066 0.006)
(0.068 0.006)
(0.07 0.006)
(0.072 0.006)
(0.074 0.006)
(0.076 0.006)
(0.078 0.006)
(0.08 0.006)
(0.082 0.006)
(0.084 0.006)
(0.086 0.006)
(0.088 0.006)
(0.09 0.006)
(0.092 0.006)
(0.094 0.006)
(0.096 0.006)
(0.098 0.006)
(0.1 0.006)
(0 0.007)
(0.002 0.007)
(0.004 0.007)
(0.006 0.007)
(0.008 0.007)
(0.01 0.007)
(0.012 0.007)
(0.014 0.007)
(0.016 0.007)
(0.018 0.007)
(0.02 0.007)
(0.022 0.007)
(0.024 0.007)
(0.026 0.007)
(0.028 0.007)
(0.03 0.007)
(0.032 0.007)
(0.034 0.007)
(0.036 0.007)
(0.038 0.007)
(0.04 0.007)
(0.042 0.007)
(0.044 0.007)
(0.046 0.007)
(0.048 0.007)
(0.05 0.007)
(0.052 0.007)
(0.054 0.007)
(0.056 0.007)
(0.058 0.007)
(0.06 0.007)
(0.062 0.007)
(0.064 0.007)
(0.066 0.007)
(0.068 0.007)
(0.07 0.007)
(0.072 0.007)
(0.074 0.007)
(0.076 0.007)
(0.078 0.007)
(0.08 0.007)
(0.082 0.007)
(0.084 0.007)
(0.086 0.007)
(0.088 0.007)
(0.09 0.007)
(0.092 0.007)
(0.094 0.007)
(0.096 0.007)
(0.098 0.007)
(0.1 0.007)
(0 0.008)
(0.002 0.008)
(0.004 0.008)
(0.006 0.008)
(0.008 0.008)
(0.01 0.008)
(0.012 0.008)
(0.014 0.008)
(0.016 0.008)
(0.018 0.008)
(0.02 0.008)
(0.022 0.008)
(0.024 0.008)
(0.026 0.008)
(0.028 0.008)
(0.03 0.008)
(0.032 0.008)
(0.034 0.008)
(0.036 0.008)
(0.038 0.008)
(0.04 0.008)
(0.042 0.008)
(0.044 0.008)
(0.046 0.008)
(0.048 0.008)
(0.05 0.008)
(0.052 0.008)
(0.054 0.008)
(0.056 0.008)
(0.058 0.008)
(0.06 0.008)
(0.062 0.008)
(0.064 0.008)
(0.066 0.008)
(0.068 0.008)
(0.07 0.008)
(0.072 0.008)
(0.074 0.008)
(0.076 0.008)
(0.078 0.008)
(0.08 0.008)
(0.082 0.008)
(0.084 0.008)
(0.086 0.008)
(0.088 0.008)
(0.09 0.008)
(0.092 0.008)
(0.094 0.008)
(0.096 0.008)
(0.098 0.008)
(0.1 0.008)
(0 0.009)
(0.002 0.009)
(0.004 0.009)
(0.006 0.009)
(0.008 0.009)
(0.01 0.009)
(0.012 0.009)
(0.014 0.009)
(0.016 0.009)
(0.018 0.009)
(0.02 0.009)
(0.022 0.009)
(0.024 0.009)
(0.026 0.009)
(0.028 0.009)
(0.03 0.009)
(0.032 0.009)
(0.034 0.009)
(0.036 0.009)
(0.038 0.009)
(0.04 0.009)
(0.042 0.009)
(0.044 0.009)
(0.046 0.009)
(0.048 0.009)
(0.05 0.009)
(0.052 0.009)
(0.054 0.009)
(0.056 0.009)
(0.058 0.009)
(0.06 0.009)
(0.062 0.009)
(0.064 0.009)
(0.066 0.009)
(0.068 0.009)
(0.07 0.009)
(0.072 0.009)
(0.074 0.009)
(0.076 0.009)
(0.078 0.009)
(0.08 0.009)
(0.082 0.009)
(0.084 0.009)
(0.086 0.009)
(0.088 0.009)
(0.09 0.009)
(0.092 0.009)
(0.094 0.009)
(0.096 0.009)
(0.098 0.009)
(0.1 0.009)
(0 0.01)
(0.002 0.01)
(0.004 0.01)
(0.006 0.01)
(0.008 0.01)
(0.01 0.01)
(0.012 0.01)
(0.014 0.01)
(0.016 0.01)
(0.018 0.01)
(0.02 0.01)
(0.022 0.01)
(0.024 0.01)
(0.026 0.01)
(0.028 0.01)
(0.03 0.01)
(0.032 0.01)
(0.034 0.01)
(0.036 0.01)
(0.038 0.01)
(0.04 0.01)
(0.042 0.01)
(0.044 0.01)
(0.046 0.01)
(0.048 0.01)
(0.05 0.01)
(0.052 0.01)
(0.054 0.01)
(0.056 0.01)
(0.058 0.01)
(0.06 0.01)
(0.062 0.01)
(0.064 0.01)
(0.066 0.01)
(0.068 0.01)
(0.07 0.01)
(0.072 0.01)
(0.074 0.01)
(0.076 0.01)
(0.078 0.01)
(0.08 0.01)
(0.082 0.01)
(0.084 0.01)
(0.086 0.01)
(0.088 0.01)
(0.09 0.01)
(0.092 0.01)
(0.094 0.01)
(0.096 0.01)
(0.098 0.01)
(0.1 0.01)
(0 0.011)
(0.002 0.011)
(0.004 0.011)
(0.006 0.011)
(0.008 0.011)
(0.01 0.011)
(0.012 0.011)
(0.014 0.011)
(0.016 0.011)
(0.018 0.011)
(0.02 0.011)
(0.022 0.011)
(0.024 0.011)
(0.026 0.011)
(0.028 0.011)
(0.03 0.011)
(0.032 0.011)
(0.034 0.011)
(0.036 0.011)
(0.038 0.011)
(0.04 0.011)
(0.042 0.011)
(0.044 0.011)
(0.046 0.011)
(0.048 0.011)
(0.05 0.011)
(0.052 0.011)
(0.054 0.011)
(0.056 0.011)
(0.058 0.011)
(0.06 0.011)
(0.062 0.011)
(0.064 0.011)
(0.066 0.011)
(0.068 0.011)
(0.07 0.011)
(0.072 0.011)
(0.074 0.011)
(0.076 0.011)
(0.078 0.011)
(0.08 0.011)
(0.082 0.011)
(0.084 0.011)
(0.086 0.011)
(0.088 0.011)
(0.09 0.011)
(0.092 0.011)
(0.094 0.011)
(0.096 0.011)
(0.098 0.011)
(0.1 0.011)
(0 0.012)
(0.002 0.012)
(0.004 0.012)
(0.006 0.012)
(0.008 0.012)
(0.01 0.012)
(0.012 0.012)
(0.014 0.012)
(0.016 0.012)
(0.018 0.012)
(0.02 0.012)
(0.022 0.012)
(0.024 0.012)
(0.026 0.012)
(0.028 0.012)
(0.03 0.012)
(0.032 0.012)
(0.034 0.012)
(0.036 0.012)
(0.038 0.012)
(0.04 0.012)
(0.042 0.012)
(0.044 0.012)
(0.046 0.012)
(0.048 0.012)
(0.05 0.012)
(0.052 0.012)
(0.054 0.012)
(0.056 0.012)
(0.058 0.012)
(0.06 0.012)
(0.062 0.012)
(0.064 0.012)
(0.066 0.012)
(0.068 0.012)
(0.07 0.012)
(0.072 0.012)
(0.074 0.012)
(0.076 0.012)
(0.078 0.012)
(0.08 0.012)
(0.082 0.012)
(0.084 0.012)
(0.086 0.012)
(0.088 0.012)
(0.09 0.012)
(0.092 0.012)
(0.094 0.012)
(0.096 0.012)
(0.098 0.012)
(0.1 0.012)
(0 0.013)
(0.002 0.013)
(0.004 0.013)
(0.006 0.013)
(0.008 0.013)
(0.01 0.013)
(0.012 0.013)
(0.014 0.013)
(0.016 0.013)
(0.018 0.013)
(0.02 0.013)
(0.022 0.013)
(0.024 0.013)
(0.026 0.013)
(0.028 0.013)
(0.03 0.013)
(0.032 0.013)
(0.034 0.013)
(0.036 0.013)
(0.038 0.013)
(0.04 0.013)
(0.042 0.013)
(0.044 0.013)
(0.046 0.013)
(0.048 0.013)
(0.05 0.013)
(0.052 0.013)
(0.054 0.013)
(0.056 0.013)
(0.058 0.013)
(0.06 0.013)
(0.062 0.013)
(0.064 0.013)
(0.066 0.013)
(0.068 0.013)
(0.07 0.013)
(0.072 0.013)
(0.074 0.013)
(0.076 0.013)
(0.078 0.013)
(0.08 0.013)
(0.082 0.013)
(0.084 0.013)
(0.086 0.013)
(0.088 0.013)
(0.09 0.013)
(0.092 0.013)
(0.094 0.013)
(0.096 0.013)
(0.098 0.013)
(0.1 0.013)
(0 0.014)
(0.002 0.014)
(0.004 0.014)
(0.006 0.014)
(0.008 0.014)
(0.01 0.014)
(0.012 0.014)
(0.014 0.014)
(0.016 0.014)
(0.018 0.014)
(0.02 0.014)
(0.022 0.014)
(0.024 0.014)
(0.026 0.014)
(0.028 0.014)
(0.03 0.014)
(0.032 0.014)
(0.034 0.014)
(0.036 0.014)
(0.038 0.014)
(0.04 0.014)
(0.042 0.014)
(0.044 0.014)
(0.046 0.014)
(0.048 0.014)
(0.05 0.014)
(0.052 0.014)
(0.054 0.014)
(0.056 0.014)
(0.058 0.014)
(0.06 0.014)
(0.062 0.014)
(0.064 0.014)
(0.066 0.014)
(0.068 0.014)
(0.07 0.014)
(0.072 0.014)
(0.074 0.014)
(0.076 0.014)
(0.078 0.014)
(0.08 0.014)
(0.082 0.014)
(0.084 0.014)
(0.086 0.014)
(0.088 0.014)
(0.09 0.014)
(0.092 0.014)
(0.094 0.014)
(0.096 0.014)
(0.098 0.014)
(0.1 0.014)
(0 0.015)
(0.002 0.015)
(0.004 0.015)
(0.006 0.015)
(0.008 0.015)
(0.01 0.015)
(0.012 0.015)
(0.014 0.015)
(0.016 0.015)
(0.018 0.015)
(0.02 0.015)
(0.022 0.015)
(0.024 0.015)
(0.026 0.015)
(0.028 0.015)
(0.03 0.015)
(0.032 0.015)
(0.034 0.015)
(0.036 0.015)
(0.038 0.015)
(0.04 0.015)
(0.042 0.015)
(0.044 0.015)
(0.046 0.015)
(0.048 0.015)
(0.05 0.015)
(0.052 0.015)
(0.054 0.015)
(0.056 0.015)
(0.058 0.015)
(0.06 0.015)
(0.062 0.015)
(0.064 0.015)
(0.066 0.015)
(0.068 0.015)
(0.07 0.015)
(0.072 0.015)
(0.074 0.015)
(0.076 0.015)
(0.078 0.015)
(0.08 0.015)
(0.082 0.015)
(0.084 0.015)
(0.086 0.015)
(0.088 0.015)
(0.09 0.015)
(0.092 0.015)
(0.094 0.015)
(0.096 0.015)
(0.098 0.015)
(0.1 0.015)
(0 0.016)
(0.002 0.016)
(0.004 0.016)
(0.006 0.016)
(0.008 0.016)
(0.01 0.016)
(0.012 0.016)
(0.014 0.016)
(0.016 0.016)
(0.018 0.016)
(0.02 0.016)
(0.022 0.016)
(0.024 0.016)
(0.026 0.016)
(0.028 0.016)
(0.03 0.016)
(0.032 0.016)
(0.034 0.016)
(0.036 0.016)
(0.038 0.016)
(0.04 0.016)
(0.042 0.016)
(0.044 0.016)
(0.046 0.016)
(0.048 0.016)
(0.05 0.016)
(0.052 0.016)
(0.054 0.016)
(0.056 0.016)
(0.058 0.016)
(0.06 0.016)
(0.062 0.016)
(0.064 0.016)
(0.066 0.016)
(0.068 0.016)
(0.07 0.016)
(0.072 0.016)
(0.074 0.016)
(0.076 0.016)
(0.078 0.016)
(0.08 0.016)
(0.082 0.016)
(0.084 0.016)
(0.086 0.016)
(0.088 0.016)
(0.09 0.016)
(0.092 0.016)
(0.094 0.016)
(0.096 0.016)
(0.098 0.016)
(0.1 0.016)
(0 0.017)
(0.002 0.017)
(0.004 0.017)
(0.006 0.017)
(0.008 0.017)
(0.01 0.017)
(0.012 0.017)
(0.014 0.017)
(0.016 0.017)
(0.018 0.017)
(0.02 0.017)
(0.022 0.017)
(0.024 0.017)
(0.026 0.017)
(0.028 0.017)
(0.03 0.017)
(0.032 0.017)
(0.034 0.017)
(0.036 0.017)
(0.038 0.017)
(0.04 0.017)
(0.042 0.017)
(0.044 0.017)
(0.046 0.017)
(0.048 0.017)
(0.05 0.017)
(0.052 0.017)
(0.054 0.017)
(0.056 0.017)
(0.058 0.017)
(0.06 0.017)
(0.062 0.017)
(0.064 0.017)
(0.066 0.017)
(0.068 0.017)
(0.07 0.017)
(0.072 0.017)
(0.074 0.017)
(0.076 0.017)
(0.078 0.017)
(0.08 0.017)
(0.082 0.017)
(0.084 0.017)
(0.086 0.017)
(0.088 0.017)
(0.09 0.017)
(0.092 0.017)
(0.094 0.017)
(0.096 0.017)
(0.098 0.017)
(0.1 0.017)
(0 0.018)
(0.002 0.018)
(0.004 0.018)
(0.006 0.018)
(0.008 0.018)
(0.01 0.018)
(0.012 0.018)
(0.014 0.018)
(0.016 0.018)
(0.018 0.018)
(0.02 0.018)
(0.022 0.018)
(0.024 0.018)
(0.026 0.018)
(0.028 0.018)
(0.03 0.018)
(0.032 0.018)
(0.034 0.018)
(0.036 0.018)
(0.038 0.018)
(0.04 0.018)
(0.042 0.018)
(0.044 0.018)
(0.046 0.018)
(0.048 0.018)
(0.05 0.018)
(0.052 0.018)
(0.054 0.018)
(0.056 0.018)
(0.058 0.018)
(0.06 0.018)
(0.062 0.018)
(0.064 0.018)
(0.066 0.018)
(0.068 0.018)
(0.07 0.018)
(0.072 0.018)
(0.074 0.018)
(0.076 0.018)
(0.078 0.018)
(0.08 0.018)
(0.082 0.018)
(0.084 0.018)
(0.086 0.018)
(0.088 0.018)
(0.09 0.018)
(0.092 0.018)
(0.094 0.018)
(0.096 0.018)
(0.098 0.018)
(0.1 0.018)
(0 0.019)
(0.002 0.019)
(0.004 0.019)
(0.006 0.019)
(0.008 0.019)
(0.01 0.019)
(0.012 0.019)
(0.014 0.019)
(0.016 0.019)
(0.018 0.019)
(0.02 0.019)
(0.022 0.019)
(0.024 0.019)
(0.026 0.019)
(0.028 0.019)
(0.03 0.019)
(0.032 0.019)
(0.034 0.019)
(0.036 0.019)
(0.038 0.019)
(0.04 0.019)
(0.042 0.019)
(0.044 0.019)
(0.046 0.019)
(0.048 0.019)
(0.05 0.019)
(0.052 0.019)
(0.054 0.019)
(0.056 0.019)
(0.058 0.019)
(0.06 0.019)
(0.062 0.019)
(0.064 0.019)
(0.066 0.019)
(0.068 0.019)
(0.07 0.019)
(0.072 0.019)
(0.074 0.019)
(0.076 0.019)
(0.078 0.019)
(0.08 0.019)
(0.082 0.019)
(0.084 0.019)
(0.086 0.019)
(0.088 0.019)
(0.09 0.019)
(0.092 0.019)
(0.094 0.019)
(0.096 0.019)
(0.098 0.019)
(0.1 0.019)
(0 0.02)
(0.002 0.02)
(0.004 0.02)
(0.006 0.02)
(0.008 0.02)
(0.01 0.02)
(0.012 0.02)
(0.014 0.02)
(0.016 0.02)
(0.018 0.02)
(0.02 0.02)
(0.022 0.02)
(0.024 0.02)
(0.026 0.02)
(0.028 0.02)
(0.03 0.02)
(0.032 0.02)
(0.034 0.02)
(0.036 0.02)
(0.038 0.02)
(0.04 0.02)
(0.042 0.02)
(0.044 0.02)
(0.046 0.02)
(0.048 0.02)
(0.05 0.02)
(0.052 0.02)
(0.054 0.02)
(0.056 0.02)
(0.058 0.02)
(0.06 0.02)
(0.062 0.02)
(0.064 0.02)
(0.066 0.02)
(0.068 0.02)
(0.07 0.02)
(0.072 0.02)
(0.074 0.02)
(0.076 0.02)
(0.078 0.02)
(0.08 0.02)
(0.082 0.02)
(0.084 0.02)
(0.086 0.02)
(0.088 0.02)
(0.09 0.02)
(0.092 0.02)
(0.094 0.02)
(0.096 0.02)
(0.098 0.02)
(0.1 0.02)
(0 0.021)
(0.002 0.021)
(0.004 0.021)
(0.006 0.021)
(0.008 0.021)
(0.01 0.021)
(0.012 0.021)
(0.014 0.021)
(0.016 0.021)
(0.018 0.021)
(0.02 0.021)
(0.022 0.021)
(0.024 0.021)
(0.026 0.021)
(0.028 0.021)
(0.03 0.021)
(0.032 0.021)
(0.034 0.021)
(0.036 0.021)
(0.038 0.021)
(0.04 0.021)
(0.042 0.021)
(0.044 0.021)
(0.046 0.021)
(0.048 0.021)
(0.05 0.021)
(0.052 0.021)
(0.054 0.021)
(0.056 0.021)
(0.058 0.021)
(0.06 0.021)
(0.062 0.021)
(0.064 0.021)
(0.066 0.021)
(0.068 0.021)
(0.07 0.021)
(0.072 0.021)
(0.074 0.021)
(0.076 0.021)
(0.078 0.021)
(0.08 0.021)
(0.082 0.021)
(0.084 0.021)
(0.086 0.021)
(0.088 0.021)
(0.09 0.021)
(0.092 0.021)
(0.094 0.021)
(0.096 0.021)
(0.098 0.021)
(0.1 0.021)
(0 0.022)
(0.002 0.022)
(0.004 0.022)
(0.006 0.022)
(0.008 0.022)
(0.01 0.022)
(0.012 0.022)
(0.014 0.022)
(0.016 0.022)
(0.018 0.022)
(0.02 0.022)
(0.022 0.022)
(0.024 0.022)
(0.026 0.022)
(0.028 0.022)
(0.03 0.022)
(0.032 0.022)
(0.034 0.022)
(0.036 0.022)
(0.038 0.022)
(0.04 0.022)
(0.042 0.022)
(0.044 0.022)
(0.046 0.022)
(0.048 0.022)
(0.05 0.022)
(0.052 0.022)
(0.054 0.022)
(0.056 0.022)
(0.058 0.022)
(0.06 0.022)
(0.062 0.022)
(0.064 0.022)
(0.066 0.022)
(0.068 0.022)
(0.07 0.022)
(0.072 0.022)
(0.074 0.022)
(0.076 0.022)
(0.078 0.022)
(0.08 0.022)
(0.082 0.022)
(0.084 0.022)
(0.086 0.022)
(0.088 0.022)
(0.09 0.022)
(0.092 0.022)
(0.094 0.022)
(0.096 0.022)
(0.098 0.022)
(0.1 0.022)
(0 0.023)
(0.002 0.023)
(0.004 0.023)
(0.006 0.023)
(0.008 0.023)
(0.01 0.023)
(0.012 0.023)
(0.014 0.023)
(0.016 0.023)
(0.018 0.023)
(0.02 0.023)
(0.022 0.023)
(0.024 0.023)
(0.026 0.023)
(0.028 0.023)
(0.03 0.023)
(0.032 0.023)
(0.034 0.023)
(0.036 0.023)
(0.038 0.023)
(0.04 0.023)
(0.042 0.023)
(0.044 0.023)
(0.046 0.023)
(0.048 0.023)
(0.05 0.023)
(0.052 0.023)
(0.054 0.023)
(0.056 0.023)
(0.058 0.023)
(0.06 0.023)
(0.062 0.023)
(0.064 0.023)
(0.066 0.023)
(0.068 0.023)
(0.07 0.023)
(0.072 0.023)
(0.074 0.023)
(0.076 0.023)
(0.078 0.023)
(0.08 0.023)
(0.082 0.023)
(0.084 0.023)
(0.086 0.023)
(0.088 0.023)
(0.09 0.023)
(0.092 0.023)
(0.094 0.023)
(0.096 0.023)
(0.098 0.023)
(0.1 0.023)
(0 0.024)
(0.002 0.024)
(0.004 0.024)
(0.006 0.024)
(0.008 0.024)
(0.01 0.024)
(0.012 0.024)
(0.014 0.024)
(0.016 0.024)
(0.018 0.024)
(0.02 0.024)
(0.022 0.024)
(0.024 0.024)
(0.026 0.024)
(0.028 0.024)
(0.03 0.024)
(0.032 0.024)
(0.034 0.024)
(0.036 0.024)
(0.038 0.024)
(0.04 0.024)
(0.042 0.024)
(0.044 0.024)
(0.046 0.024)
(0.048 0.024)
(0.05 0.024)
(0.052 0.024)
(0.054 0.024)
(0.056 0.024)
(0.058 0.024)
(0.06 0.024)
(0.062 0.024)
(0.064 0.024)
(0.066 0.024)
(0.068 0.024)
(0.07 0.024)
(0.072 0.024)
(0.074 0.024)
(0.076 0.024)
(0.078 0.024)
(0.08 0.024)
(0.082 0.024)
(0.084 0.024)
(0.086 0.024)
(0.088 0.024)
(0.09 0.024)
(0.092 0.024)
(0.094 0.024)
(0.096 0.024)
(0.098 0.024)
(0.1 0.024)
(0 0.025)
(0.002 0.025)
(0.004 0.025)
(0.006 0.025)
(0.008 0.025)
(0.01 0.025)
(0.012 0.025)
(0.014 0.025)
(0.016 0.025)
(0.018 0.025)
(0.02 0.025)
(0.022 0.025)
(0.024 0.025)
(0.026 0.025)
(0.028 0.025)
(0.03 0.025)
(0.032 0.025)
(0.034 0.025)
(0.036 0.025)
(0.038 0.025)
(0.04 0.025)
(0.042 0.025)
(0.044 0.025)
(0.046 0.025)
(0.048 0.025)
(0.05 0.025)
(0.052 0.025)
(0.054 0.025)
(0.056 0.025)
(0.058 0.025)
(0.06 0.025)
(0.062 0.025)
(0.064 0.025)
(0.066 0.025)
(0.068 0.025)
(0.07 0.025)
(0.072 0.025)
(0.074 0.025)
(0.076 0.025)
(0.078 0.025)
(0.08 0.025)
(0.082 0.025)
(0.084 0.025)
(0.086 0.025)
(0.088 0.025)
(0.09 0.025)
(0.092 0.025)
(0.094 0.025)
(0.096 0.025)
(0.098 0.025)
(0.1 0.025)
(0 0.026)
(0.002 0.026)
(0.004 0.026)
(0.006 0.026)
(0.008 0.026)
(0.01 0.026)
(0.012 0.026)
(0.014 0.026)
(0.016 0.026)
(0.018 0.026)
(0.02 0.026)
(0.022 0.026)
(0.024 0.026)
(0.026 0.026)
(0.028 0.026)
(0.03 0.026)
(0.032 0.026)
(0.034 0.026)
(0.036 0.026)
(0.038 0.026)
(0.04 0.026)
(0.042 0.026)
(0.044 0.026)
(0.046 0.026)
(0.048 0.026)
(0.05 0.026)
(0.052 0.026)
(0.054 0.026)
(0.056 0.026)
(0.058 0.026)
(0.06 0.026)
(0.062 0.026)
(0.064 0.026)
(0.066 0.026)
(0.068 0.026)
(0.07 0.026)
(0.072 0.026)
(0.074 0.026)
(0.076 0.026)
(0.078 0.026)
(0.08 0.026)
(0.082 0.026)
(0.084 0.026)
(0.086 0.026)
(0.088 0.026)
(0.09 0.026)
(0.092 0.026)
(0.094 0.026)
(0.096 0.026)
(0.098 0.026)
(0.1 0.026)
(0 0.027)
(0.002 0.027)
(0.004 0.027)
(0.006 0.027)
(0.008 0.027)
(0.01 0.027)
(0.012 0.027)
(0.014 0.027)
(0.016 0.027)
(0.018 0.027)
(0.02 0.027)
(0.022 0.027)
(0.024 0.027)
(0.026 0.027)
(0.028 0.027)
(0.03 0.027)
(0.032 0.027)
(0.034 0.027)
(0.036 0.027)
(0.038 0.027)
(0.04 0.027)
(0.042 0.027)
(0.044 0.027)
(0.046 0.027)
(0.048 0.027)
(0.05 0.027)
(0.052 0.027)
(0.054 0.027)
(0.056 0.027)
(0.058 0.027)
(0.06 0.027)
(0.062 0.027)
(0.064 0.027)
(0.066 0.027)
(0.068 0.027)
(0.07 0.027)
(0.072 0.027)
(0.074 0.027)
(0.076 0.027)
(0.078 0.027)
(0.08 0.027)
(0.082 0.027)
(0.084 0.027)
(0.086 0.027)
(0.088 0.027)
(0.09 0.027)
(0.092 0.027)
(0.094 0.027)
(0.096 0.027)
(0.098 0.027)
(0.1 0.027)
(0 0.028)
(0.002 0.028)
(0.004 0.028)
(0.006 0.028)
(0.008 0.028)
(0.01 0.028)
(0.012 0.028)
(0.014 0.028)
(0.016 0.028)
(0.018 0.028)
(0.02 0.028)
(0.022 0.028)
(0.024 0.028)
(0.026 0.028)
(0.028 0.028)
(0.03 0.028)
(0.032 0.028)
(0.034 0.028)
(0.036 0.028)
(0.038 0.028)
(0.04 0.028)
(0.042 0.028)
(0.044 0.028)
(0.046 0.028)
(0.048 0.028)
(0.05 0.028)
(0.052 0.028)
(0.054 0.028)
(0.056 0.028)
(0.058 0.028)
(0.06 0.028)
(0.062 0.028)
(0.064 0.028)
(0.066 0.028)
(0.068 0.028)
(0.07 0.028)
(0.072 0.028)
(0.074 0.028)
(0.076 0.028)
(0.078 0.028)
(0.08 0.028)
(0.082 0.028)
(0.084 0.028)
(0.086 0.028)
(0.088 0.028)
(0.09 0.028)
(0.092 0.028)
(0.094 0.028)
(0.096 0.028)
(0.098 0.028)
(0.1 0.028)
(0 0.029)
(0.002 0.029)
(0.004 0.029)
(0.006 0.029)
(0.008 0.029)
(0.01 0.029)
(0.012 0.029)
(0.014 0.029)
(0.016 0.029)
(0.018 0.029)
(0.02 0.029)
(0.022 0.029)
(0.024 0.029)
(0.026 0.029)
(0.028 0.029)
(0.03 0.029)
(0.032 0.029)
(0.034 0.029)
(0.036 0.029)
(0.038 0.029)
(0.04 0.029)
(0.042 0.029)
(0.044 0.029)
(0.046 0.029)
(0.048 0.029)
(0.05 0.029)
(0.052 0.029)
(0.054 0.029)
(0.056 0.029)
(0.058 0.029)
(0.06 0.029)
(0.062 0.029)
(0.064 0.029)
(0.066 0.029)
(0.068 0.029)
(0.07 0.029)
(0.072 0.029)
(0.074 0.029)
(0.076 0.029)
(0.078 0.029)
(0.08 0.029)
(0.082 0.029)
(0.084 0.029)
(0.086 0.029)
(0.088 0.029)
(0.09 0.029)
(0.092 0.029)
(0.094 0.029)
(0.096 0.029)
(0.098 0.029)
(0.1 0.029)
(0 0.03)
(0.002 0.03)
(0.004 0.03)
(0.006 0.03)
(0.008 0.03)
(0.01 0.03)
(0.012 0.03)
(0.014 0.03)
(0.016 0.03)
(0.018 0.03)
(0.02 0.03)
(0.022 0.03)
(0.024 0.03)
(0.026 0.03)
(0.028 0.03)
(0.03 0.03)
(0.032 0.03)
(0.034 0.03)
(0.036 0.03)
(0.038 0.03)
(0.04 0.03)
(0.042 0.03)
(0.044 0.03)
(0.046 0.03)
(0.048 0.03)
(0.05 0.03)
(0.052 0.03)
(0.054 0.03)
(0.056 0.03)
(0.058 0.03)
(0.06 0.03)
(0.062 0.03)
(0.064 0.03)
(0.066 0.03)
(0.068 0.03)
(0.07 0.03)
(0.072 0.03)
(0.074 0.03)
(0.076 0.03)
(0.078 0.03)
(0.08 0.03)
(0.082 0.03)
(0.084 0.03)
(0.086 0.03)
(0.088 0.03)
(0.09 0.03)
(0.092 0.03)
(0.094 0.03)
(0.096 0.03)
(0.098 0.03)
(0.1 0.03)
(0 0.031)
(0.002 0.031)
(0.004 0.031)
(0.006 0.031)
(0.008 0.031)
(0.01 0.031)
(0.012 0.031)
(0.014 0.031)
(0.016 0.031)
(0.018 0.031)
(0.02 0.031)
(0.022 0.031)
(0.024 0.031)
(0.026 0.031)
(0.028 0.031)
(0.03 0.031)
(0.032 0.031)
(0.034 0.031)
(0.036 0.031)
(0.038 0.031)
(0.04 0.031)
(0.042 0.031)
(0.044 0.031)
(0.046 0.031)
(0.048 0.031)
(0.05 0.031)
(0.052 0.031)
(0.054 0.031)
(0.056 0.031)
(0.058 0.031)
(0.06 0.031)
(0.062 0.031)
(0.064 0.031)
(0.066 0.031)
(0.068 0.031)
(0.07 0.031)
(0.072 0.031)
(0.074 0.031)
(0.076 0.031)
(0.078 0.031)
(0.08 0.031)
(0.082 0.031)
(0.084 0.031)
(0.086 0.031)
(0.088 0.031)
(0.09 0.031)
(0.092 0.031)
(0.094 0.031)
(0.096 0.031)
(0.098 0.031)
(0.1 0.031)
(0 0.032)
(0.002 0.032)
(0.004 0.032)
(0.006 0.032)
(0.008 0.032)
(0.01 0.032)
(0.012 0.032)
(0.014 0.032)
(0.016 0.032)
(0.018 0.032)
(0.02 0.032)
(0.022 0.032)
(0.024 0.032)
(0.026 0.032)
(0.028 0.032)
(0.03 0.032)
(0.032 0.032)
(0.034 0.032)
(0.036 0.032)
(0.038 0.032)
(0.04 0.032)
(0.042 0.032)
(0.044 0.032)
(0.046 0.032)
(0.048 0.032)
(0.05 0.032)
(0.052 0.032)
(0.054 0.032)
(0.056 0.032)
(0.058 0.032)
(0.06 0.032)
(0.062 0.032)
(0.064 0.032)
(0.066 0.032)
(0.068 0.032)
(0.07 0.032)
(0.072 0.032)
(0.074 0.032)
(0.076 0.032)
(0.078 0.032)
(0.08 0.032)
(0.082 0.032)
(0.084 0.032)
(0.086 0.032)
(0.088 0.032)
(0.09 0.032)
(0.092 0.032)
(0.094 0.032)
(0.096 0.032)
(0.098 0.032)
(0.1 0.032)
(0 0.033)
(0.002 0.033)
(0.004 0.033)
(0.006 0.033)
(0.008 0.033)
(0.01 0.033)
(0.012 0.033)
(0.014 0.033)
(0.016 0.033)
(0.018 0.033)
(0.02 0.033)
(0.022 0.033)
(0.024 0.033)
(0.026 0.033)
(0.028 0.033)
(0.03 0.033)
(0.032 0.033)
(0.034 0.033)
(0.036 0.033)
(0.038 0.033)
(0.04 0.033)
(0.042 0.033)
(0.044 0.033)
(0.046 0.033)
(0.048 0.033)
(0.05 0.033)
(0.052 0.033)
(0.054 0.033)
(0.056 0.033)
(0.058 0.033)
(0.06 0.033)
(0.062 0.033)
(0.064 0.033)
(0.066 0.033)
(0.068 0.033)
(0.07 0.033)
(0.072 0.033)
(0.074 0.033)
(0.076 0.033)
(0.078 0.033)
(0.08 0.033)
(0.082 0.033)
(0.084 0.033)
(0.086 0.033)
(0.088 0.033)
(0.09 0.033)
(0.092 0.033)
(0.094 0.033)
(0.096 0.033)
(0.098 0.033)
(0.1 0.033)
(0 0.034)
(0.002 0.034)
(0.004 0.034)
(0.006 0.034)
(0.008 0.034)
(0.01 0.034)
(0.012 0.034)
(0.014 0.034)
(0.016 0.034)
(0.018 0.034)
(0.02 0.034)
(0.022 0.034)
(0.024 0.034)
(0.026 0.034)
(0.028 0.034)
(0.03 0.034)
(0.032 0.034)
(0.034 0.034)
(0.036 0.034)
(0.038 0.034)
(0.04 0.034)
(0.042 0.034)
(0.044 0.034)
(0.046 0.034)
(0.048 0.034)
(0.05 0.034)
(0.052 0.034)
(0.054 0.034)
(0.056 0.034)
(0.058 0.034)
(0.06 0.034)
(0.062 0.034)
(0.064 0.034)
(0.066 0.034)
(0.068 0.034)
(0.07 0.034)
(0.072 0.034)
(0.074 0.034)
(0.076 0.034)
(0.078 0.034)
(0.08 0.034)
(0.082 0.034)
(0.084 0.034)
(0.086 0.034)
(0.088 0.034)
(0.09 0.034)
(0.092 0.034)
(0.094 0.034)
(0.096 0.034)
(0.098 0.034)
(0.1 0.034)
(0 0.035)
(0.002 0.035)
(0.004 0.035)
(0.006 0.035)
(0.008 0.035)
(0.01 0.035)
(0.012 0.035)
(0.014 0.035)
(0.016 0.035)
(0.018 0.035)
(0.02 0.035)
(0.022 0.035)
(0.024 0.035)
(0.026 0.035)
(0.028 0.035)
(0.03 0.035)
(0.032 0.035)
(0.034 0.035)
(0.036 0.035)
(0.038 0.035)
(0.04 0.035)
(0.042 0.035)
(0.044 0.035)
(0.046 0.035)
(0.048 0.035)
(0.05 0.035)
(0.052 0.035)
(0.054 0.035)
(0.056 0.035)
(0.058 0.035)
(0.06 0.035)
(0.062 0.035)
(0.064 0.035)
(0.066 0.035)
(0.068 0.035)
(0.07 0.035)
(0.072 0.035)
(0.074 0.035)
(0.076 0.035)
(0.078 0.035)
(0.08 0.035)
(0.082 0.035)
(0.084 0.035)
(0.086 0.035)
(0.088 0.035)
(0.09 0.035)
(0.092 0.035)
(0.094 0.035)
(0.096 0.035)
(0.098 0.035)
(0.1 0.035)
(0 0.036)
(0.002 0.036)
(0.004 0.036)
(0.006 0.036)
(0.008 0.036)
(0.01 0.036)
(0.012 0.036)
(0.014 0.036)
(0.016 0.036)
(0.018 0.036)
(0.02 0.036)
(0.022 0.036)
(0.024 0.036)
(0.026 0.036)
(0.028 0.036)
(0.03 0.036)
(0.032 0.036)
(0.034 0.036)
(0.036 0.036)
(0.038 0.036)
(0.04 0.036)
(0.042 0.036)
(0.044 0.036)
(0.046 0.036)
(0.048 0.036)
(0.05 0.036)
(0.052 0.036)
(0.054 0.036)
(0.056 0.036)
(0.058 0.036)
(0.06 0.036)
(0.062 0.036)
(0.064 0.036)
(0.066 0.036)
(0.068 0.036)
(0.07 0.036)
(0.072 0.036)
(0.074 0.036)
(0.076 0.036)
(0.078 0.036)
(0.08 0.036)
(0.082 0.036)
(0.084 0.036)
(0.086 0.036)
(0.088 0.036)
(0.09 0.036)
(0.092 0.036)
(0.094 0.036)
(0.096 0.036)
(0.098 0.036)
(0.1 0.036)
(0 0.037)
(0.002 0.037)
(0.004 0.037)
(0.006 0.037)
(0.008 0.037)
(0.01 0.037)
(0.012 0.037)
(0.014 0.037)
(0.016 0.037)
(0.018 0.037)
(0.02 0.037)
(0.022 0.037)
(0.024 0.037)
(0.026 0.037)
(0.028 0.037)
(0.03 0.037)
(0.032 0.037)
(0.034 0.037)
(0.036 0.037)
(0.038 0.037)
(0.04 0.037)
(0.042 0.037)
(0.044 0.037)
(0.046 0.037)
(0.048 0.037)
(0.05 0.037)
(0.052 0.037)
(0.054 0.037)
(0.056 0.037)
(0.058 0.037)
(0.06 0.037)
(0.062 0.037)
(0.064 0.037)
(0.066 0.037)
(0.068 0.037)
(0.07 0.037)
(0.072 0.037)
(0.074 0.037)
(0.076 0.037)
(0.078 0.037)
(0.08 0.037)
(0.082 0.037)
(0.084 0.037)
(0.086 0.037)
(0.088 0.037)
(0.09 0.037)
(0.092 0.037)
(0.094 0.037)
(0.096 0.037)
(0.098 0.037)
(0.1 0.037)
(0 0.038)
(0.002 0.038)
(0.004 0.038)
(0.006 0.038)
(0.008 0.038)
(0.01 0.038)
(0.012 0.038)
(0.014 0.038)
(0.016 0.038)
(0.018 0.038)
(0.02 0.038)
(0.022 0.038)
(0.024 0.038)
(0.026 0.038)
(0.028 0.038)
(0.03 0.038)
(0.032 0.038)
(0.034 0.038)
(0.036 0.038)
(0.038 0.038)
(0.04 0.038)
(0.042 0.038)
(0.044 0.038)
(0.046 0.038)
(0.048 0.038)
(0.05 0.038)
(0.052 0.038)
(0.054 0.038)
(0.056 0.038)
(0.058 0.038)
(0.06 0.038)
(0.062 0.038)
(0.064 0.038)
(0.066 0.038)
(0.068 0.038)
(0.07 0.038)
(0.072 0.038)
(0.074 0.038)
(0.076 0.038)
(0.078 0.038)
(0.08 0.038)
(0.082 0.038)
(0.084 0.038)
(0.086 0.038)
(0.088 0.038)
(0.09 0.038)
(0.092 0.038)
(0.094 0.038)
(0.096 0.038)
(0.098 0.038)
(0.1 0.038)
(0 0.039)
(0.002 0.039)
(0.004 0.039)
(0.006 0.039)
(0.008 0.039)
(0.01 0.039)
(0.012 0.039)
(0.014 0.039)
(0.016 0.039)
(0.018 0.039)
(0.02 0.039)
(0.022 0.039)
(0.024 0.039)
(0.026 0.039)
(0.028 0.039)
(0.03 0.039)
(0.032 0.039)
(0.034 0.039)
(0.036 0.039)
(0.038 0.039)
(0.04 0.039)
(0.042 0.039)
(0.044 0.039)
(0.046 0.039)
(0.048 0.039)
(0.05 0.039)
(0.052 0.039)
(0.054 0.039)
(0.056 0.039)
(0.058 0.039)
(0.06 0.039)
(0.062 0.039)
(0.064 0.039)
(0.066 0.039)
(0.068 0.039)
(0.07 0.039)
(0.072 0.039)
(0.074 0.039)
(0.076 0.039)
(0.078 0.039)
(0.08 0.039)
(0.082 0.039)
(0.084 0.039)
(0.086 0.039)
(0.088 0.039)
(0.09 0.039)
(0.092 0.039)
(0.094 0.039)
(0.096 0.039)
(0.098 0.039)
(0.1 0.039)
(0 0.04)
(0.002 0.04)
(0.004 0.04)
(0.006 0.04)
(0.008 0.04)
(0.01 0.04)
(0.012 0.04)
(0.014 0.04)
(0.016 0.04)
(0.018 0.04)
(0.02 0.04)
(0.022 0.04)
(0.024 0.04)
(0.026 0.04)
(0.028 0.04)
(0.03 0.04)
(0.032 0.04)
(0.034 0.04)
(0.036 0.04)
(0.038 0.04)
(0.04 0.04)
(0.042 0.04)
(0.044 0.04)
(0.046 0.04)
(0.048 0.04)
(0.05 0.04)
(0.052 0.04)
(0.054 0.04)
(0.056 0.04)
(0.058 0.04)
(0.06 0.04)
(0.062 0.04)
(0.064 0.04)
(0.066 0.04)
(0.068 0.04)
(0.07 0.04)
(0.072 0.04)
(0.074 0.04)
(0.076 0.04)
(0.078 0.04)
(0.08 0.04)
(0.082 0.04)
(0.084 0.04)
(0.086 0.04)
(0.088 0.04)
(0.09 0.04)
(0.092 0.04)
(0.094 0.04)
(0.096 0.04)
(0.098 0.04)
(0.1 0.04)
(0 0.041)
(0.002 0.041)
(0.004 0.041)
(0.006 0.041)
(0.008 0.041)
(0.01 0.041)
(0.012 0.041)
(0.014 0.041)
(0.016 0.041)
(0.018 0.041)
(0.02 0.041)
(0.022 0.041)
(0.024 0.041)
(0.026 0.041)
(0.028 0.041)
(0.03 0.041)
(0.032 0.041)
(0.034 0.041)
(0.036 0.041)
(0.038 0.041)
(0.04 0.041)
(0.042 0.041)
(0.044 0.041)
(0.046 0.041)
(0.048 0.041)
(0.05 0.041)
(0.052 0.041)
(0.054 0.041)
(0.056 0.041)
(0.058 0.041)
(0.06 0.041)
(0.062 0.041)
(0.064 0.041)
(0.066 0.041)
(0.068 0.041)
(0.07 0.041)
(0.072 0.041)
(0.074 0.041)
(0.076 0.041)
(0.078 0.041)
(0.08 0.041)
(0.082 0.041)
(0.084 0.041)
(0.086 0.041)
(0.088 0.041)
(0.09 0.041)
(0.092 0.041)
(0.094 0.041)
(0.096 0.041)
(0.098 0.041)
(0.1 0.041)
(0 0.042)
(0.002 0.042)
(0.004 0.042)
(0.006 0.042)
(0.008 0.042)
(0.01 0.042)
(0.012 0.042)
(0.014 0.042)
(0.016 0.042)
(0.018 0.042)
(0.02 0.042)
(0.022 0.042)
(0.024 0.042)
(0.026 0.042)
(0.028 0.042)
(0.03 0.042)
(0.032 0.042)
(0.034 0.042)
(0.036 0.042)
(0.038 0.042)
(0.04 0.042)
(0.042 0.042)
(0.044 0.042)
(0.046 0.042)
(0.048 0.042)
(0.05 0.042)
(0.052 0.042)
(0.054 0.042)
(0.056 0.042)
(0.058 0.042)
(0.06 0.042)
(0.062 0.042)
(0.064 0.042)
(0.066 0.042)
(0.068 0.042)
(0.07 0.042)
(0.072 0.042)
(0.074 0.042)
(0.076 0.042)
(0.078 0.042)
(0.08 0.042)
(0.082 0.042)
(0.084 0.042)
(0.086 0.042)
(0.088 0.042)
(0.09 0.042)
(0.092 0.042)
(0.094 0.042)
(0.096 0.042)
(0.098 0.042)
(0.1 0.042)
(0 0.043)
(0.002 0.043)
(0.004 0.043)
(0.006 0.043)
(0.008 0.043)
(0.01 0.043)
(0.012 0.043)
(0.014 0.043)
(0.016 0.043)
(0.018 0.043)
(0.02 0.043)
(0.022 0.043)
(0.024 0.043)
(0.026 0.043)
(0.028 0.043)
(0.03 0.043)
(0.032 0.043)
(0.034 0.043)
(0.036 0.043)
(0.038 0.043)
(0.04 0.043)
(0.042 0.043)
(0.044 0.043)
(0.046 0.043)
(0.048 0.043)
(0.05 0.043)
(0.052 0.043)
(0.054 0.043)
(0.056 0.043)
(0.058 0.043)
(0.06 0.043)
(0.062 0.043)
(0.064 0.043)
(0.066 0.043)
(0.068 0.043)
(0.07 0.043)
(0.072 0.043)
(0.074 0.043)
(0.076 0.043)
(0.078 0.043)
(0.08 0.043)
(0.082 0.043)
(0.084 0.043)
(0.086 0.043)
(0.088 0.043)
(0.09 0.043)
(0.092 0.043)
(0.094 0.043)
(0.096 0.043)
(0.098 0.043)
(0.1 0.043)
(0 0.044)
(0.002 0.044)
(0.004 0.044)
(0.006 0.044)
(0.008 0.044)
(0.01 0.044)
(0.012 0.044)
(0.014 0.044)
(0.016 0.044)
(0.018 0.044)
(0.02 0.044)
(0.022 0.044)
(0.024 0.044)
(0.026 0.044)
(0.028 0.044)
(0.03 0.044)
(0.032 0.044)
(0.034 0.044)
(0.036 0.044)
(0.038 0.044)
(0.04 0.044)
(0.042 0.044)
(0.044 0.044)
(0.046 0.044)
(0.048 0.044)
(0.05 0.044)
(0.052 0.044)
(0.054 0.044)
(0.056 0.044)
(0.058 0.044)
(0.06 0.044)
(0.062 0.044)
(0.064 0.044)
(0.066 0.044)
(0.068 0.044)
(0.07 0.044)
(0.072 0.044)
(0.074 0.044)
(0.076 0.044)
(0.078 0.044)
(0.08 0.044)
(0.082 0.044)
(0.084 0.044)
(0.086 0.044)
(0.088 0.044)
(0.09 0.044)
(0.092 0.044)
(0.094 0.044)
(0.096 0.044)
(0.098 0.044)
(0.1 0.044)
(0 0.045)
(0.002 0.045)
(0.004 0.045)
(0.006 0.045)
(0.008 0.045)
(0.01 0.045)
(0.012 0.045)
(0.014 0.045)
(0.016 0.045)
(0.018 0.045)
(0.02 0.045)
(0.022 0.045)
(0.024 0.045)
(0.026 0.045)
(0.028 0.045)
(0.03 0.045)
(0.032 0.045)
(0.034 0.045)
(0.036 0.045)
(0.038 0.045)
(0.04 0.045)
(0.042 0.045)
(0.044 0.045)
(0.046 0.045)
(0.048 0.045)
(0.05 0.045)
(0.052 0.045)
(0.054 0.045)
(0.056 0.045)
(0.058 0.045)
(0.06 0.045)
(0.062 0.045)
(0.064 0.045)
(0.066 0.045)
(0.068 0.045)
(0.07 0.045)
(0.072 0.045)
(0.074 0.045)
(0.076 0.045)
(0.078 0.045)
(0.08 0.045)
(0.082 0.045)
(0.084 0.045)
(0.086 0.045)
(0.088 0.045)
(0.09 0.045)
(0.092 0.045)
(0.094 0.045)
(0.096 0.045)
(0.098 0.045)
(0.1 0.045)
(0 0.046)
(0.002 0.046)
(0.004 0.046)
(0.006 0.046)
(0.008 0.046)
(0.01 0.046)
(0.012 0.046)
(0.014 0.046)
(0.016 0.046)
(0.018 0.046)
(0.02 0.046)
(0.022 0.046)
(0.024 0.046)
(0.026 0.046)
(0.028 0.046)
(0.03 0.046)
(0.032 0.046)
(0.034 0.046)
(0.036 0.046)
(0.038 0.046)
(0.04 0.046)
(0.042 0.046)
(0.044 0.046)
(0.046 0.046)
(0.048 0.046)
(0.05 0.046)
(0.052 0.046)
(0.054 0.046)
(0.056 0.046)
(0.058 0.046)
(0.06 0.046)
(0.062 0.046)
(0.064 0.046)
(0.066 0.046)
(0.068 0.046)
(0.07 0.046)
(0.072 0.046)
(0.074 0.046)
(0.076 0.046)
(0.078 0.046)
(0.08 0.046)
(0.082 0.046)
(0.084 0.046)
(0.086 0.046)
(0.088 0.046)
(0.09 0.046)
(0.092 0.046)
(0.094 0.046)
(0.096 0.046)
(0.098 0.046)
(0.1 0.046)
(0 0.047)
(0.002 0.047)
(0.004 0.047)
(0.006 0.047)
(0.008 0.047)
(0.01 0.047)
(0.012 0.047)
(0.014 0.047)
(0.016 0.047)
(0.018 0.047)
(0.02 0.047)
(0.022 0.047)
(0.024 0.047)
(0.026 0.047)
(0.028 0.047)
(0.03 0.047)
(0.032 0.047)
(0.034 0.047)
(0.036 0.047)
(0.038 0.047)
(0.04 0.047)
(0.042 0.047)
(0.044 0.047)
(0.046 0.047)
(0.048 0.047)
(0.05 0.047)
(0.052 0.047)
(0.054 0.047)
(0.056 0.047)
(0.058 0.047)
(0.06 0.047)
(0.062 0.047)
(0.064 0.047)
(0.066 0.047)
(0.068 0.047)
(0.07 0.047)
(0.072 0.047)
(0.074 0.047)
(0.076 0.047)
(0.078 0.047)
(0.08 0.047)
(0.082 0.047)
(0.084 0.047)
(0.086 0.047)
(0.088 0.047)
(0.09 0.047)
(0.092 0.047)
(0.094 0.047)
(0.096 0.047)
(0.098 0.047)
(0.1 0.047)
(0 0.048)
(0.002 0.048)
(0.004 0.048)
(0.006 0.048)
(0.008 0.048)
(0.01 0.048)
(0.012 0.048)
(0.014 0.048)
(0.016 0.048)
(0.018 0.048)
(0.02 0.048)
(0.022 0.048)
(0.024 0.048)
(0.026 0.048)
(0.028 0.048)
(0.03 0.048)
(0.032 0.048)
(0.034 0.048)
(0.036 0.048)
(0.038 0.048)
(0.04 0.048)
(0.042 0.048)
(0.044 0.048)
(0.046 0.048)
(0.048 0.048)
(0.05 0.048)
(0.052 0.048)
(0.054 0.048)
(0.056 0.048)
(0.058 0.048)
(0.06 0.048)
(0.062 0.048)
(0.064 0.048)
(0.066 0.048)
(0.068 0.048)
(0.07 0.048)
(0.072 0.048)
(0.074 0.048)
(0.076 0.048)
(0.078 0.048)
(0.08 0.048)
(0.082 0.048)
(0.084 0.048)
(0.086 0.048)
(0.088 0.048)
(0.09 0.048)
(0.092 0.048)
(0.094 0.048)
(0.096 0.048)
(0.098 0.048)
(0.1 0.048)
(0 0.049)
(0.002 0.049)
(0.004 0.049)
(0.006 0.049)
(0.008 0.049)
(0.01 0.049)
(0.012 0.049)
(0.014 0.049)
(0.016 0.049)
(0.018 0.049)
(0.02 0.049)
(0.022 0.049)
(0.024 0.049)
(0.026 0.049)
(0.028 0.049)
(0.03 0.049)
(0.032 0.049)
(0.034 0.049)
(0.036 0.049)
(0.038 0.049)
(0.04 0.049)
(0.042 0.049)
(0.044 0.049)
(0.046 0.049)
(0.048 0.049)
(0.05 0.049)
(0.052 0.049)
(0.054 0.049)
(0.056 0.049)
(0.058 0.049)
(0.06 0.049)
(0.062 0.049)
(0.064 0.049)
(0.066 0.049)
(0.068 0.049)
(0.07 0.049)
(0.072 0.049)
(0.074 0.049)
(0.076 0.049)
(0.078 0.049)
(0.08 0.049)
(0.082 0.049)
(0.084 0.049)
(0.086 0.049)
(0.088 0.049)
(0.09 0.049)
(0.092 0.049)
(0.094 0.049)
(0.096 0.049)
(0.098 0.049)
(0.1 0.049)
(0 0.05)
(0.002 0.05)
(0.004 0.05)
(0.006 0.05)
(0.008 0.05)
(0.01 0.05)
(0.012 0.05)
(0.014 0.05)
(0.016 0.05)
(0.018 0.05)
(0.02 0.05)
(0.022 0.05)
(0.024 0.05)
(0.026 0.05)
(0.028 0.05)
(0.03 0.05)
(0.032 0.05)
(0.034 0.05)
(0.036 0.05)
(0.038 0.05)
(0.04 0.05)
(0.042 0.05)
(0.044 0.05)
(0.046 0.05)
(0.048 0.05)
(0.05 0.05)
(0.052 0.05)
(0.054 0.05)
(0.056 0.05)
(0.058 0.05)
(0.06 0.05)
(0.062 0.05)
(0.064 0.05)
(0.066 0.05)
(0.068 0.05)
(0.07 0.05)
(0.072 0.05)
(0.074 0.05)
(0.076 0.05)
(0.078 0.05)
(0.08 0.05)
(0.082 0.05)
(0.084 0.05)
(0.086 0.05)
(0.088 0.05)
(0.09 0.05)
(0.092 0.05)
(0.094 0.05)
(0.096 0.05)
(0.098 0.05)
(0.1 0.05)
(0 0.051)
(0.002 0.051)
(0.004 0.051)
(0.006 0.051)
(0.008 0.051)
(0.01 0.051)
(0.012 0.051)
(0.014 0.051)
(0.016 0.051)
(0.018 0.051)
(0.02 0.051)
(0.022 0.051)
(0.024 0.051)
(0.026 0.051)
(0.028 0.051)
(0.03 0.051)
(0.032 0.051)
(0.034 0.051)
(0.036 0.051)
(0.038 0.051)
(0.04 0.051)
(0.042 0.051)
(0.044 0.051)
(0.046 0.051)
(0.048 0.051)
(0.05 0.051)
(0.052 0.051)
(0.054 0.051)
(0.056 0.051)
(0.058 0.051)
(0.06 0.051)
(0.062 0.051)
(0.064 0.051)
(0.066 0.051)
(0.068 0.051)
(0.07 0.051)
(0.072 0.051)
(0.074 0.051)
(0.076 0.051)
(0.078 0.051)
(0.08 0.051)
(0.082 0.051)
(0.084 0.051)
(0.086 0.051)
(0.088 0.051)
(0.09 0.051)
(0.092 0.051)
(0.094 0.051)
(0.096 0.051)
(0.098 0.051)
(0.1 0.051)
(0 0.052)
(0.002 0.052)
(0.004 0.052)
(0.006 0.052)
(0.008 0.052)
(0.01 0.052)
(0.012 0.052)
(0.014 0.052)
(0.016 0.052)
(0.018 0.052)
(0.02 0.052)
(0.022 0.052)
(0.024 0.052)
(0.026 0.052)
(0.028 0.052)
(0.03 0.052)
(0.032 0.052)
(0.034 0.052)
(0.036 0.052)
(0.038 0.052)
(0.04 0.052)
(0.042 0.052)
(0.044 0.052)
(0.046 0.052)
(0.048 0.052)
(0.05 0.052)
(0.052 0.052)
(0.054 0.052)
(0.056 0.052)
(0.058 0.052)
(0.06 0.052)
(0.062 0.052)
(0.064 0.052)
(0.066 0.052)
(0.068 0.052)
(0.07 0.052)
(0.072 0.052)
(0.074 0.052)
(0.076 0.052)
(0.078 0.052)
(0.08 0.052)
(0.082 0.052)
(0.084 0.052)
(0.086 0.052)
(0.088 0.052)
(0.09 0.052)
(0.092 0.052)
(0.094 0.052)
(0.096 0.052)
(0.098 0.052)
(0.1 0.052)
(0 0.053)
(0.002 0.053)
(0.004 0.053)
(0.006 0.053)
(0.008 0.053)
(0.01 0.053)
(0.012 0.053)
(0.014 0.053)
(0.016 0.053)
(0.018 0.053)
(0.02 0.053)
(0.022 0.053)
(0.024 0.053)
(0.026 0.053)
(0.028 0.053)
(0.03 0.053)
(0.032 0.053)
(0.034 0.053)
(0.036 0.053)
(0.038 0.053)
(0.04 0.053)
(0.042 0.053)
(0.044 0.053)
(0.046 0.053)
(0.048 0.053)
(0.05 0.053)
(0.052 0.053)
(0.054 0.053)
(0.056 0.053)
(0.058 0.053)
(0.06 0.053)
(0.062 0.053)
(0.064 0.053)
(0.066 0.053)
(0.068 0.053)
(0.07 0.053)
(0.072 0.053)
(0.074 0.053)
(0.076 0.053)
(0.078 0.053)
(0.08 0.053)
(0.082 0.053)
(0.084 0.053)
(0.086 0.053)
(0.088 0.053)
(0.09 0.053)
(0.092 0.053)
(0.094 0.053)
(0.096 0.053)
(0.098 0.053)
(0.1 0.053)
(0 0.054)
(0.002 0.054)
(0.004 0.054)
(0.006 0.054)
(0.008 0.054)
(0.01 0.054)
(0.012 0.054)
(0.014 0.054)
(0.016 0.054)
(0.018 0.054)
(0.02 0.054)
(0.022 0.054)
(0.024 0.054)
(0.026 0.054)
(0.028 0.054)
(0.03 0.054)
(0.032 0.054)
(0.034 0.054)
(0.036 0.054)
(0.038 0.054)
(0.04 0.054)
(0.042 0.054)
(0.044 0.054)
(0.046 0.054)
(0.048 0.054)
(0.05 0.054)
(0.052 0.054)
(0.054 0.054)
(0.056 0.054)
(0.058 0.054)
(0.06 0.054)
(0.062 0.054)
(0.064 0.054)
(0.066 0.054)
(0.068 0.054)
(0.07 0.054)
(0.072 0.054)
(0.074 0.054)
(0.076 0.054)
(0.078 0.054)
(0.08 0.054)
(0.082 0.054)
(0.084 0.054)
(0.086 0.054)
(0.088 0.054)
(0.09 0.054)
(0.092 0.054)
(0.094 0.054)
(0.096 0.054)
(0.098 0.054)
(0.1 0.054)
(0 0.055)
(0.002 0.055)
(0.004 0.055)
(0.006 0.055)
(0.008 0.055)
(0.01 0.055)
(0.012 0.055)
(0.014 0.055)
(0.016 0.055)
(0.018 0.055)
(0.02 0.055)
(0.022 0.055)
(0.024 0.055)
(0.026 0.055)
(0.028 0.055)
(0.03 0.055)
(0.032 0.055)
(0.034 0.055)
(0.036 0.055)
(0.038 0.055)
(0.04 0.055)
(0.042 0.055)
(0.044 0.055)
(0.046 0.055)
(0.048 0.055)
(0.05 0.055)
(0.052 0.055)
(0.054 0.055)
(0.056 0.055)
(0.058 0.055)
(0.06 0.055)
(0.062 0.055)
(0.064 0.055)
(0.066 0.055)
(0.068 0.055)
(0.07 0.055)
(0.072 0.055)
(0.074 0.055)
(0.076 0.055)
(0.078 0.055)
(0.08 0.055)
(0.082 0.055)
(0.084 0.055)
(0.086 0.055)
(0.088 0.055)
(0.09 0.055)
(0.092 0.055)
(0.094 0.055)
(0.096 0.055)
(0.098 0.055)
(0.1 0.055)
(0 0.056)
(0.002 0.056)
(0.004 0.056)
(0.006 0.056)
(0.008 0.056)
(0.01 0.056)
(0.012 0.056)
(0.014 0.056)
(0.016 0.056)
(0.018 0.056)
(0.02 0.056)
(0.022 0.056)
(0.024 0.056)
(0.026 0.056)
(0.028 0.056)
(0.03 0.056)
(0.032 0.056)
(0.034 0.056)
(0.036 0.056)
(0.038 0.056)
(0.04 0.056)
(0.042 0.056)
(0.044 0.056)
(0.046 0.056)
(0.048 0.056)
(0.05 0.056)
(0.052 0.056)
(0.054 0.056)
(0.056 0.056)
(0.058 0.056)
(0.06 0.056)
(0.062 0.056)
(0.064 0.056)
(0.066 0.056)
(0.068 0.056)
(0.07 0.056)
(0.072 0.056)
(0.074 0.056)
(0.076 0.056)
(0.078 0.056)
(0.08 0.056)
(0.082 0.056)
(0.084 0.056)
(0.086 0.056)
(0.088 0.056)
(0.09 0.056)
(0.092 0.056)
(0.094 0.056)
(0.096 0.056)
(0.098 0.056)
(0.1 0.056)
(0 0.057)
(0.002 0.057)
(0.004 0.057)
(0.006 0.057)
(0.008 0.057)
(0.01 0.057)
(0.012 0.057)
(0.014 0.057)
(0.016 0.057)
(0.018 0.057)
(0.02 0.057)
(0.022 0.057)
(0.024 0.057)
(0.026 0.057)
(0.028 0.057)
(0.03 0.057)
(0.032 0.057)
(0.034 0.057)
(0.036 0.057)
(0.038 0.057)
(0.04 0.057)
(0.042 0.057)
(0.044 0.057)
(0.046 0.057)
(0.048 0.057)
(0.05 0.057)
(0.052 0.057)
(0.054 0.057)
(0.056 0.057)
(0.058 0.057)
(0.06 0.057)
(0.062 0.057)
(0.064 0.057)
(0.066 0.057)
(0.068 0.057)
(0.07 0.057)
(0.072 0.057)
(0.074 0.057)
(0.076 0.057)
(0.078 0.057)
(0.08 0.057)
(0.082 0.057)
(0.084 0.057)
(0.086 0.057)
(0.088 0.057)
(0.09 0.057)
(0.092 0.057)
(0.094 0.057)
(0.096 0.057)
(0.098 0.057)
(0.1 0.057)
(0 0.058)
(0.002 0.058)
(0.004 0.058)
(0.006 0.058)
(0.008 0.058)
(0.01 0.058)
(0.012 0.058)
(0.014 0.058)
(0.016 0.058)
(0.018 0.058)
(0.02 0.058)
(0.022 0.058)
(0.024 0.058)
(0.026 0.058)
(0.028 0.058)
(0.03 0.058)
(0.032 0.058)
(0.034 0.058)
(0.036 0.058)
(0.038 0.058)
(0.04 0.058)
(0.042 0.058)
(0.044 0.058)
(0.046 0.058)
(0.048 0.058)
(0.05 0.058)
(0.052 0.058)
(0.054 0.058)
(0.056 0.058)
(0.058 0.058)
(0.06 0.058)
(0.062 0.058)
(0.064 0.058)
(0.066 0.058)
(0.068 0.058)
(0.07 0.058)
(0.072 0.058)
(0.074 0.058)
(0.076 0.058)
(0.078 0.058)
(0.08 0.058)
(0.082 0.058)
(0.084 0.058)
(0.086 0.058)
(0.088 0.058)
(0.09 0.058)
(0.092 0.058)
(0.094 0.058)
(0.096 0.058)
(0.098 0.058)
(0.1 0.058)
(0 0.059)
(0.002 0.059)
(0.004 0.059)
(0.006 0.059)
(0.008 0.059)
(0.01 0.059)
(0.012 0.059)
(0.014 0.059)
(0.016 0.059)
(0.018 0.059)
(0.02 0.059)
(0.022 0.059)
(0.024 0.059)
(0.026 0.059)
(0.028 0.059)
(0.03 0.059)
(0.032 0.059)
(0.034 0.059)
(0.036 0.059)
(0.038 0.059)
(0.04 0.059)
(0.042 0.059)
(0.044 0.059)
(0.046 0.059)
(0.048 0.059)
(0.05 0.059)
(0.052 0.059)
(0.054 0.059)
(0.056 0.059)
(0.058 0.059)
(0.06 0.059)
(0.062 0.059)
(0.064 0.059)
(0.066 0.059)
(0.068 0.059)
(0.07 0.059)
(0.072 0.059)
(0.074 0.059)
(0.076 0.059)
(0.078 0.059)
(0.08 0.059)
(0.082 0.059)
(0.084 0.059)
(0.086 0.059)
(0.088 0.059)
(0.09 0.059)
(0.092 0.059)
(0.094 0.059)
(0.096 0.059)
(0.098 0.059)
(0.1 0.059)
(0 0.06)
(0.002 0.06)
(0.004 0.06)
(0.006 0.06)
(0.008 0.06)
(0.01 0.06)
(0.012 0.06)
(0.014 0.06)
(0.016 0.06)
(0.018 0.06)
(0.02 0.06)
(0.022 0.06)
(0.024 0.06)
(0.026 0.06)
(0.028 0.06)
(0.03 0.06)
(0.032 0.06)
(0.034 0.06)
(0.036 0.06)
(0.038 0.06)
(0.04 0.06)
(0.042 0.06)
(0.044 0.06)
(0.046 0.06)
(0.048 0.06)
(0.05 0.06)
(0.052 0.06)
(0.054 0.06)
(0.056 0.06)
(0.058 0.06)
(0.06 0.06)
(0.062 0.06)
(0.064 0.06)
(0.066 0.06)
(0.068 0.06)
(0.07 0.06)
(0.072 0.06)
(0.074 0.06)
(0.076 0.06)
(0.078 0.06)
(0.08 0.06)
(0.082 0.06)
(0.084 0.06)
(0.086 0.06)
(0.088 0.06)
(0.09 0.06)
(0.092 0.06)
(0.094 0.06)
(0.096 0.06)
(0.098 0.06)
(0.1 0.06)
(0 0.061)
(0.002 0.061)
(0.004 0.061)
(0.006 0.061)
(0.008 0.061)
(0.01 0.061)
(0.012 0.061)
(0.014 0.061)
(0.016 0.061)
(0.018 0.061)
(0.02 0.061)
(0.022 0.061)
(0.024 0.061)
(0.026 0.061)
(0.028 0.061)
(0.03 0.061)
(0.032 0.061)
(0.034 0.061)
(0.036 0.061)
(0.038 0.061)
(0.04 0.061)
(0.042 0.061)
(0.044 0.061)
(0.046 0.061)
(0.048 0.061)
(0.05 0.061)
(0.052 0.061)
(0.054 0.061)
(0.056 0.061)
(0.058 0.061)
(0.06 0.061)
(0.062 0.061)
(0.064 0.061)
(0.066 0.061)
(0.068 0.061)
(0.07 0.061)
(0.072 0.061)
(0.074 0.061)
(0.076 0.061)
(0.078 0.061)
(0.08 0.061)
(0.082 0.061)
(0.084 0.061)
(0.086 0.061)
(0.088 0.061)
(0.09 0.061)
(0.092 0.061)
(0.094 0.061)
(0.096 0.061)
(0.098 0.061)
(0.1 0.061)
(0 0.062)
(0.002 0.062)
(0.004 0.062)
(0.006 0.062)
(0.008 0.062)
(0.01 0.062)
(0.012 0.062)
(0.014 0.062)
(0.016 0.062)
(0.018 0.062)
(0.02 0.062)
(0.022 0.062)
(0.024 0.062)
(0.026 0.062)
(0.028 0.062)
(0.03 0.062)
(0.032 0.062)
(0.034 0.062)
(0.036 0.062)
(0.038 0.062)
(0.04 0.062)
(0.042 0.062)
(0.044 0.062)
(0.046 0.062)
(0.048 0.062)
(0.05 0.062)
(0.052 0.062)
(0.054 0.062)
(0.056 0.062)
(0.058 0.062)
(0.06 0.062)
(0.062 0.062)
(0.064 0.062)
(0.066 0.062)
(0.068 0.062)
(0.07 0.062)
(0.072 0.062)
(0.074 0.062)
(0.076 0.062)
(0.078 0.062)
(0.08 0.062)
(0.082 0.062)
(0.084 0.062)
(0.086 0.062)
(0.088 0.062)
(0.09 0.062)
(0.092 0.062)
(0.094 0.062)
(0.096 0.062)
(0.098 0.062)
(0.1 0.062)
(0 0.063)
(0.002 0.063)
(0.004 0.063)
(0.006 0.063)
(0.008 0.063)
(0.01 0.063)
(0.012 0.063)
(0.014 0.063)
(0.016 0.063)
(0.018 0.063)
(0.02 0.063)
(0.022 0.063)
(0.024 0.063)
(0.026 0.063)
(0.028 0.063)
(0.03 0.063)
(0.032 0.063)
(0.034 0.063)
(0.036 0.063)
(0.038 0.063)
(0.04 0.063)
(0.042 0.063)
(0.044 0.063)
(0.046 0.063)
(0.048 0.063)
(0.05 0.063)
(0.052 0.063)
(0.054 0.063)
(0.056 0.063)
(0.058 0.063)
(0.06 0.063)
(0.062 0.063)
(0.064 0.063)
(0.066 0.063)
(0.068 0.063)
(0.07 0.063)
(0.072 0.063)
(0.074 0.063)
(0.076 0.063)
(0.078 0.063)
(0.08 0.063)
(0.082 0.063)
(0.084 0.063)
(0.086 0.063)
(0.088 0.063)
(0.09 0.063)
(0.092 0.063)
(0.094 0.063)
(0.096 0.063)
(0.098 0.063)
(0.1 0.063)
(0 0.064)
(0.002 0.064)
(0.004 0.064)
(0.006 0.064)
(0.008 0.064)
(0.01 0.064)
(0.012 0.064)
(0.014 0.064)
(0.016 0.064)
(0.018 0.064)
(0.02 0.064)
(0.022 0.064)
(0.024 0.064)
(0.026 0.064)
(0.028 0.064)
(0.03 0.064)
(0.032 0.064)
(0.034 0.064)
(0.036 0.064)
(0.038 0.064)
(0.04 0.064)
(0.042 0.064)
(0.044 0.064)
(0.046 0.064)
(0.048 0.064)
(0.05 0.064)
(0.052 0.064)
(0.054 0.064)
(0.056 0.064)
(0.058 0.064)
(0.06 0.064)
(0.062 0.064)
(0.064 0.064)
(0.066 0.064)
(0.068 0.064)
(0.07 0.064)
(0.072 0.064)
(0.074 0.064)
(0.076 0.064)
(0.078 0.064)
(0.08 0.064)
(0.082 0.064)
(0.084 0.064)
(0.086 0.064)
(0.088 0.064)
(0.09 0.064)
(0.092 0.064)
(0.094 0.064)
(0.096 0.064)
(0.098 0.064)
(0.1 0.064)
(0 0.065)
(0.002 0.065)
(0.004 0.065)
(0.006 0.065)
(0.008 0.065)
(0.01 0.065)
(0.012 0.065)
(0.014 0.065)
(0.016 0.065)
(0.018 0.065)
(0.02 0.065)
(0.022 0.065)
(0.024 0.065)
(0.026 0.065)
(0.028 0.065)
(0.03 0.065)
(0.032 0.065)
(0.034 0.065)
(0.036 0.065)
(0.038 0.065)
(0.04 0.065)
(0.042 0.065)
(0.044 0.065)
(0.046 0.065)
(0.048 0.065)
(0.05 0.065)
(0.052 0.065)
(0.054 0.065)
(0.056 0.065)
(0.058 0.065)
(0.06 0.065)
(0.062 0.065)
(0.064 0.065)
(0.066 0.065)
(0.068 0.065)
(0.07 0.065)
(0.072 0.065)
(0.074 0.065)
(0.076 0.065)
(0.078 0.065)
(0.08 0.065)
(0.082 0.065)
(0.084 0.065)
(0.086 0.065)
(0.088 0.065)
(0.09 0.065)
(0.092 0.065)
(0.094 0.065)
(0.096 0.065)
(0.098 0.065)
(0.1 0.065)
(0 0.066)
(0.002 0.066)
(0.004 0.066)
(0.006 0.066)
(0.008 0.066)
(0.01 0.066)
(0.012 0.066)
(0.014 0.066)
(0.016 0.066)
(0.018 0.066)
(0.02 0.066)
(0.022 0.066)
(0.024 0.066)
(0.026 0.066)
(0.028 0.066)
(0.03 0.066)
(0.032 0.066)
(0.034 0.066)
(0.036 0.066)
(0.038 0.066)
(0.04 0.066)
(0.042 0.066)
(0.044 0.066)
(0.046 0.066)
(0.048 0.066)
(0.05 0.066)
(0.052 0.066)
(0.054 0.066)
(0.056 0.066)
(0.058 0.066)
(0.06 0.066)
(0.062 0.066)
(0.064 0.066)
(0.066 0.066)
(0.068 0.066)
(0.07 0.066)
(0.072 0.066)
(0.074 0.066)
(0.076 0.066)
(0.078 0.066)
(0.08 0.066)
(0.082 0.066)
(0.084 0.066)
(0.086 0.066)
(0.088 0.066)
(0.09 0.066)
(0.092 0.066)
(0.094 0.066)
(0.096 0.066)
(0.098 0.066)
(0.1 0.066)
(0 0.067)
(0.002 0.067)
(0.004 0.067)
(0.006 0.067)
(0.008 0.067)
(0.01 0.067)
(0.012 0.067)
(0.014 0.067)
(0.016 0.067)
(0.018 0.067)
(0.02 0.067)
(0.022 0.067)
(0.024 0.067)
(0.026 0.067)
(0.028 0.067)
(0.03 0.067)
(0.032 0.067)
(0.034 0.067)
(0.036 0.067)
(0.038 0.067)
(0.04 0.067)
(0.042 0.067)
(0.044 0.067)
(0.046 0.067)
(0.048 0.067)
(0.05 0.067)
(0.052 0.067)
(0.054 0.067)
(0.056 0.067)
(0.058 0.067)
(0.06 0.067)
(0.062 0.067)
(0.064 0.067)
(0.066 0.067)
(0.068 0.067)
(0.07 0.067)
(0.072 0.067)
(0.074 0.067)
(0.076 0.067)
(0.078 0.067)
(0.08 0.067)
(0.082 0.067)
(0.084 0.067)
(0.086 0.067)
(0.088 0.067)
(0.09 0.067)
(0.092 0.067)
(0.094 0.067)
(0.096 0.067)
(0.098 0.067)
(0.1 0.067)
(0 0.068)
(0.002 0.068)
(0.004 0.068)
(0.006 0.068)
(0.008 0.068)
(0.01 0.068)
(0.012 0.068)
(0.014 0.068)
(0.016 0.068)
(0.018 0.068)
(0.02 0.068)
(0.022 0.068)
(0.024 0.068)
(0.026 0.068)
(0.028 0.068)
(0.03 0.068)
(0.032 0.068)
(0.034 0.068)
(0.036 0.068)
(0.038 0.068)
(0.04 0.068)
(0.042 0.068)
(0.044 0.068)
(0.046 0.068)
(0.048 0.068)
(0.05 0.068)
(0.052 0.068)
(0.054 0.068)
(0.056 0.068)
(0.058 0.068)
(0.06 0.068)
(0.062 0.068)
(0.064 0.068)
(0.066 0.068)
(0.068 0.068)
(0.07 0.068)
(0.072 0.068)
(0.074 0.068)
(0.076 0.068)
(0.078 0.068)
(0.08 0.068)
(0.082 0.068)
(0.084 0.068)
(0.086 0.068)
(0.088 0.068)
(0.09 0.068)
(0.092 0.068)
(0.094 0.068)
(0.096 0.068)
(0.098 0.068)
(0.1 0.068)
(0 0.069)
(0.002 0.069)
(0.004 0.069)
(0.006 0.069)
(0.008 0.069)
(0.01 0.069)
(0.012 0.069)
(0.014 0.069)
(0.016 0.069)
(0.018 0.069)
(0.02 0.069)
(0.022 0.069)
(0.024 0.069)
(0.026 0.069)
(0.028 0.069)
(0.03 0.069)
(0.032 0.069)
(0.034 0.069)
(0.036 0.069)
(0.038 0.069)
(0.04 0.069)
(0.042 0.069)
(0.044 0.069)
(0.046 0.069)
(0.048 0.069)
(0.05 0.069)
(0.052 0.069)
(0.054 0.069)
(0.056 0.069)
(0.058 0.069)
(0.06 0.069)
(0.062 0.069)
(0.064 0.069)
(0.066 0.069)
(0.068 0.069)
(0.07 0.069)
(0.072 0.069)
(0.074 0.069)
(0.076 0.069)
(0.078 0.069)
(0.08 0.069)
(0.082 0.069)
(0.084 0.069)
(0.086 0.069)
(0.088 0.069)
(0.09 0.069)
(0.092 0.069)
(0.094 0.069)
(0.096 0.069)
(0.098 0.069)
(0.1 0.069)
(0 0.07)
(0.002 0.07)
(0.004 0.07)
(0.006 0.07)
(0.008 0.07)
(0.01 0.07)
(0.012 0.07)
(0.014 0.07)
(0.016 0.07)
(0.018 0.07)
(0.02 0.07)
(0.022 0.07)
(0.024 0.07)
(0.026 0.07)
(0.028 0.07)
(0.03 0.07)
(0.032 0.07)
(0.034 0.07)
(0.036 0.07)
(0.038 0.07)
(0.04 0.07)
(0.042 0.07)
(0.044 0.07)
(0.046 0.07)
(0.048 0.07)
(0.05 0.07)
(0.052 0.07)
(0.054 0.07)
(0.056 0.07)
(0.058 0.07)
(0.06 0.07)
(0.062 0.07)
(0.064 0.07)
(0.066 0.07)
(0.068 0.07)
(0.07 0.07)
(0.072 0.07)
(0.074 0.07)
(0.076 0.07)
(0.078 0.07)
(0.08 0.07)
(0.082 0.07)
(0.084 0.07)
(0.086 0.07)
(0.088 0.07)
(0.09 0.07)
(0.092 0.07)
(0.094 0.07)
(0.096 0.07)
(0.098 0.07)
(0.1 0.07)
(0 0.071)
(0.002 0.071)
(0.004 0.071)
(0.006 0.071)
(0.008 0.071)
(0.01 0.071)
(0.012 0.071)
(0.014 0.071)
(0.016 0.071)
(0.018 0.071)
(0.02 0.071)
(0.022 0.071)
(0.024 0.071)
(0.026 0.071)
(0.028 0.071)
(0.03 0.071)
(0.032 0.071)
(0.034 0.071)
(0.036 0.071)
(0.038 0.071)
(0.04 0.071)
(0.042 0.071)
(0.044 0.071)
(0.046 0.071)
(0.048 0.071)
(0.05 0.071)
(0.052 0.071)
(0.054 0.071)
(0.056 0.071)
(0.058 0.071)
(0.06 0.071)
(0.062 0.071)
(0.064 0.071)
(0.066 0.071)
(0.068 0.071)
(0.07 0.071)
(0.072 0.071)
(0.074 0.071)
(0.076 0.071)
(0.078 0.071)
(0.08 0.071)
(0.082 0.071)
(0.084 0.071)
(0.086 0.071)
(0.088 0.071)
(0.09 0.071)
(0.092 0.071)
(0.094 0.071)
(0.096 0.071)
(0.098 0.071)
(0.1 0.071)
(0 0.072)
(0.002 0.072)
(0.004 0.072)
(0.006 0.072)
(0.008 0.072)
(0.01 0.072)
(0.012 0.072)
(0.014 0.072)
(0.016 0.072)
(0.018 0.072)
(0.02 0.072)
(0.022 0.072)
(0.024 0.072)
(0.026 0.072)
(0.028 0.072)
(0.03 0.072)
(0.032 0.072)
(0.034 0.072)
(0.036 0.072)
(0.038 0.072)
(0.04 0.072)
(0.042 0.072)
(0.044 0.072)
(0.046 0.072)
(0.048 0.072)
(0.05 0.072)
(0.052 0.072)
(0.054 0.072)
(0.056 0.072)
(0.058 0.072)
(0.06 0.072)
(0.062 0.072)
(0.064 0.072)
(0.066 0.072)
(0.068 0.072)
(0.07 0.072)
(0.072 0.072)
(0.074 0.072)
(0.076 0.072)
(0.078 0.072)
(0.08 0.072)
(0.082 0.072)
(0.084 0.072)
(0.086 0.072)
(0.088 0.072)
(0.09 0.072)
(0.092 0.072)
(0.094 0.072)
(0.096 0.072)
(0.098 0.072)
(0.1 0.072)
(0 0.073)
(0.002 0.073)
(0.004 0.073)
(0.006 0.073)
(0.008 0.073)
(0.01 0.073)
(0.012 0.073)
(0.014 0.073)
(0.016 0.073)
(0.018 0.073)
(0.02 0.073)
(0.022 0.073)
(0.024 0.073)
(0.026 0.073)
(0.028 0.073)
(0.03 0.073)
(0.032 0.073)
(0.034 0.073)
(0.036 0.073)
(0.038 0.073)
(0.04 0.073)
(0.042 0.073)
(0.044 0.073)
(0.046 0.073)
(0.048 0.073)
(0.05 0.073)
(0.052 0.073)
(0.054 0.073)
(0.056 0.073)
(0.058 0.073)
(0.06 0.073)
(0.062 0.073)
(0.064 0.073)
(0.066 0.073)
(0.068 0.073)
(0.07 0.073)
(0.072 0.073)
(0.074 0.073)
(0.076 0.073)
(0.078 0.073)
(0.08 0.073)
(0.082 0.073)
(0.084 0.073)
(0.086 0.073)
(0.088 0.073)
(0.09 0.073)
(0.092 0.073)
(0.094 0.073)
(0.096 0.073)
(0.098 0.073)
(0.1 0.073)
(0 0.074)
(0.002 0.074)
(0.004 0.074)
(0.006 0.074)
(0.008 0.074)
(0.01 0.074)
(0.012 0.074)
(0.014 0.074)
(0.016 0.074)
(0.018 0.074)
(0.02 0.074)
(0.022 0.074)
(0.024 0.074)
(0.026 0.074)
(0.028 0.074)
(0.03 0.074)
(0.032 0.074)
(0.034 0.074)
(0.036 0.074)
(0.038 0.074)
(0.04 0.074)
(0.042 0.074)
(0.044 0.074)
(0.046 0.074)
(0.048 0.074)
(0.05 0.074)
(0.052 0.074)
(0.054 0.074)
(0.056 0.074)
(0.058 0.074)
(0.06 0.074)
(0.062 0.074)
(0.064 0.074)
(0.066 0.074)
(0.068 0.074)
(0.07 0.074)
(0.072 0.074)
(0.074 0.074)
(0.076 0.074)
(0.078 0.074)
(0.08 0.074)
(0.082 0.074)
(0.084 0.074)
(0.086 0.074)
(0.088 0.074)
(0.09 0.074)
(0.092 0.074)
(0.094 0.074)
(0.096 0.074)
(0.098 0.074)
(0.1 0.074)
(0 0.075)
(0.002 0.075)
(0.004 0.075)
(0.006 0.075)
(0.008 0.075)
(0.01 0.075)
(0.012 0.075)
(0.014 0.075)
(0.016 0.075)
(0.018 0.075)
(0.02 0.075)
(0.022 0.075)
(0.024 0.075)
(0.026 0.075)
(0.028 0.075)
(0.03 0.075)
(0.032 0.075)
(0.034 0.075)
(0.036 0.075)
(0.038 0.075)
(0.04 0.075)
(0.042 0.075)
(0.044 0.075)
(0.046 0.075)
(0.048 0.075)
(0.05 0.075)
(0.052 0.075)
(0.054 0.075)
(0.056 0.075)
(0.058 0.075)
(0.06 0.075)
(0.062 0.075)
(0.064 0.075)
(0.066 0.075)
(0.068 0.075)
(0.07 0.075)
(0.072 0.075)
(0.074 0.075)
(0.076 0.075)
(0.078 0.075)
(0.08 0.075)
(0.082 0.075)
(0.084 0.075)
(0.086 0.075)
(0.088 0.075)
(0.09 0.075)
(0.092 0.075)
(0.094 0.075)
(0.096 0.075)
(0.098 0.075)
(0.1 0.075)
(0 0.076)
(0.002 0.076)
(0.004 0.076)
(0.006 0.076)
(0.008 0.076)
(0.01 0.076)
(0.012 0.076)
(0.014 0.076)
(0.016 0.076)
(0.018 0.076)
(0.02 0.076)
(0.022 0.076)
(0.024 0.076)
(0.026 0.076)
(0.028 0.076)
(0.03 0.076)
(0.032 0.076)
(0.034 0.076)
(0.036 0.076)
(0.038 0.076)
(0.04 0.076)
(0.042 0.076)
(0.044 0.076)
(0.046 0.076)
(0.048 0.076)
(0.05 0.076)
(0.052 0.076)
(0.054 0.076)
(0.056 0.076)
(0.058 0.076)
(0.06 0.076)
(0.062 0.076)
(0.064 0.076)
(0.066 0.076)
(0.068 0.076)
(0.07 0.076)
(0.072 0.076)
(0.074 0.076)
(0.076 0.076)
(0.078 0.076)
(0.08 0.076)
(0.082 0.076)
(0.084 0.076)
(0.086 0.076)
(0.088 0.076)
(0.09 0.076)
(0.092 0.076)
(0.094 0.076)
(0.096 0.076)
(0.098 0.076)
(0.1 0.076)
(0 0.077)
(0.002 0.077)
(0.004 0.077)
(0.006 0.077)
(0.008 0.077)
(0.01 0.077)
(0.012 0.077)
(0.014 0.077)
(0.016 0.077)
(0.018 0.077)
(0.02 0.077)
(0.022 0.077)
(0.024 0.077)
(0.026 0.077)
(0.028 0.077)
(0.03 0.077)
(0.032 0.077)
(0.034 0.077)
(0.036 0.077)
(0.038 0.077)
(0.04 0.077)
(0.042 0.077)
(0.044 0.077)
(0.046 0.077)
(0.048 0.077)
(0.05 0.077)
(0.052 0.077)
(0.054 0.077)
(0.056 0.077)
(0.058 0.077)
(0.06 0.077)
(0.062 0.077)
(0.064 0.077)
(0.066 0.077)
(0.068 0.077)
(0.07 0.077)
(0.072 0.077)
(0.074 0.077)
(0.076 0.077)
(0.078 0.077)
(0.08 0.077)
(0.082 0.077)
(0.084 0.077)
(0.086 0.077)
(0.088 0.077)
(0.09 0.077)
(0.092 0.077)
(0.094 0.077)
(0.096 0.077)
(0.098 0.077)
(0.1 0.077)
(0 0.078)
(0.002 0.078)
(0.004 0.078)
(0.006 0.078)
(0.008 0.078)
(0.01 0.078)
(0.012 0.078)
(0.014 0.078)
(0.016 0.078)
(0.018 0.078)
(0.02 0.078)
(0.022 0.078)
(0.024 0.078)
(0.026 0.078)
(0.028 0.078)
(0.03 0.078)
(0.032 0.078)
(0.034 0.078)
(0.036 0.078)
(0.038 0.078)
(0.04 0.078)
(0.042 0.078)
(0.044 0.078)
(0.046 0.078)
(0.048 0.078)
(0.05 0.078)
(0.052 0.078)
(0.054 0.078)
(0.056 0.078)
(0.058 0.078)
(0.06 0.078)
(0.062 0.078)
(0.064 0.078)
(0.066 0.078)
(0.068 0.078)
(0.07 0.078)
(0.072 0.078)
(0.074 0.078)
(0.076 0.078)
(0.078 0.078)
(0.08 0.078)
(0.082 0.078)
(0.084 0.078)
(0.086 0.078)
(0.088 0.078)
(0.09 0.078)
(0.092 0.078)
(0.094 0.078)
(0.096 0.078)
(0.098 0.078)
(0.1 0.078)
(0 0.079)
(0.002 0.079)
(0.004 0.079)
(0.006 0.079)
(0.008 0.079)
(0.01 0.079)
(0.012 0.079)
(0.014 0.079)
(0.016 0.079)
(0.018 0.079)
(0.02 0.079)
(0.022 0.079)
(0.024 0.079)
(0.026 0.079)
(0.028 0.079)
(0.03 0.079)
(0.032 0.079)
(0.034 0.079)
(0.036 0.079)
(0.038 0.079)
(0.04 0.079)
(0.042 0.079)
(0.044 0.079)
(0.046 0.079)
(0.048 0.079)
(0.05 0.079)
(0.052 0.079)
(0.054 0.079)
(0.056 0.079)
(0.058 0.079)
(0.06 0.079)
(0.062 0.079)
(0.064 0.079)
(0.066 0.079)
(0.068 0.079)
(0.07 0.079)
(0.072 0.079)
(0.074 0.079)
(0.076 0.079)
(0.078 0.079)
(0.08 0.079)
(0.082 0.079)
(0.084 0.079)
(0.086 0.079)
(0.088 0.079)
(0.09 0.079)
(0.092 0.079)
(0.094 0.079)
(0.096 0.079)
(0.098 0.079)
(0.1 0.079)
(0 0.08)
(0.002 0.08)
(0.004 0.08)
(0.006 0.08)
(0.008 0.08)
(0.01 0.08)
(0.012 0.08)
(0.014 0.08)
(0.016 0.08)
(0.018 0.08)
(0.02 0.08)
(0.022 0.08)
(0.024 0.08)
(0.026 0.08)
(0.028 0.08)
(0.03 0.08)
(0.032 0.08)
(0.034 0.08)
(0.036 0.08)
(0.038 0.08)
(0.04 0.08)
(0.042 0.08)
(0.044 0.08)
(0.046 0.08)
(0.048 0.08)
(0.05 0.08)
(0.052 0.08)
(0.054 0.08)
(0.056 0.08)
(0.058 0.08)
(0.06 0.08)
(0.062 0.08)
(0.064 0.08)
(0.066 0.08)
(0.068 0.08)
(0.07 0.08)
(0.072 0.08)
(0.074 0.08)
(0.076 0.08)
(0.078 0.08)
(0.08 0.08)
(0.082 0.08)
(0.084 0.08)
(0.086 0.08)
(0.088 0.08)
(0.09 0.08)
(0.092 0.08)
(0.094 0.08)
(0.096 0.08)
(0.098 0.08)
(0.1 0.08)
(0 0.081)
(0.002 0.081)
(0.004 0.081)
(0.006 0.081)
(0.008 0.081)
(0.01 0.081)
(0.012 0.081)
(0.014 0.081)
(0.016 0.081)
(0.018 0.081)
(0.02 0.081)
(0.022 0.081)
(0.024 0.081)
(0.026 0.081)
(0.028 0.081)
(0.03 0.081)
(0.032 0.081)
(0.034 0.081)
(0.036 0.081)
(0.038 0.081)
(0.04 0.081)
(0.042 0.081)
(0.044 0.081)
(0.046 0.081)
(0.048 0.081)
(0.05 0.081)
(0.052 0.081)
(0.054 0.081)
(0.056 0.081)
(0.058 0.081)
(0.06 0.081)
(0.062 0.081)
(0.064 0.081)
(0.066 0.081)
(0.068 0.081)
(0.07 0.081)
(0.072 0.081)
(0.074 0.081)
(0.076 0.081)
(0.078 0.081)
(0.08 0.081)
(0.082 0.081)
(0.084 0.081)
(0.086 0.081)
(0.088 0.081)
(0.09 0.081)
(0.092 0.081)
(0.094 0.081)
(0.096 0.081)
(0.098 0.081)
(0.1 0.081)
(0 0.082)
(0.002 0.082)
(0.004 0.082)
(0.006 0.082)
(0.008 0.082)
(0.01 0.082)
(0.012 0.082)
(0.014 0.082)
(0.016 0.082)
(0.018 0.082)
(0.02 0.082)
(0.022 0.082)
(0.024 0.082)
(0.026 0.082)
(0.028 0.082)
(0.03 0.082)
(0.032 0.082)
(0.034 0.082)
(0.036 0.082)
(0.038 0.082)
(0.04 0.082)
(0.042 0.082)
(0.044 0.082)
(0.046 0.082)
(0.048 0.082)
(0.05 0.082)
(0.052 0.082)
(0.054 0.082)
(0.056 0.082)
(0.058 0.082)
(0.06 0.082)
(0.062 0.082)
(0.064 0.082)
(0.066 0.082)
(0.068 0.082)
(0.07 0.082)
(0.072 0.082)
(0.074 0.082)
(0.076 0.082)
(0.078 0.082)
(0.08 0.082)
(0.082 0.082)
(0.084 0.082)
(0.086 0.082)
(0.088 0.082)
(0.09 0.082)
(0.092 0.082)
(0.094 0.082)
(0.096 0.082)
(0.098 0.082)
(0.1 0.082)
(0 0.083)
(0.002 0.083)
(0.004 0.083)
(0.006 0.083)
(0.008 0.083)
(0.01 0.083)
(0.012 0.083)
(0.014 0.083)
(0.016 0.083)
(0.018 0.083)
(0.02 0.083)
(0.022 0.083)
(0.024 0.083)
(0.026 0.083)
(0.028 0.083)
(0.03 0.083)
(0.032 0.083)
(0.034 0.083)
(0.036 0.083)
(0.038 0.083)
(0.04 0.083)
(0.042 0.083)
(0.044 0.083)
(0.046 0.083)
(0.048 0.083)
(0.05 0.083)
(0.052 0.083)
(0.054 0.083)
(0.056 0.083)
(0.058 0.083)
(0.06 0.083)
(0.062 0.083)
(0.064 0.083)
(0.066 0.083)
(0.068 0.083)
(0.07 0.083)
(0.072 0.083)
(0.074 0.083)
(0.076 0.083)
(0.078 0.083)
(0.08 0.083)
(0.082 0.083)
(0.084 0.083)
(0.086 0.083)
(0.088 0.083)
(0.09 0.083)
(0.092 0.083)
(0.094 0.083)
(0.096 0.083)
(0.098 0.083)
(0.1 0.083)
(0 0.084)
(0.002 0.084)
(0.004 0.084)
(0.006 0.084)
(0.008 0.084)
(0.01 0.084)
(0.012 0.084)
(0.014 0.084)
(0.016 0.084)
(0.018 0.084)
(0.02 0.084)
(0.022 0.084)
(0.024 0.084)
(0.026 0.084)
(0.028 0.084)
(0.03 0.084)
(0.032 0.084)
(0.034 0.084)
(0.036 0.084)
(0.038 0.084)
(0.04 0.084)
(0.042 0.084)
(0.044 0.084)
(0.046 0.084)
(0.048 0.084)
(0.05 0.084)
(0.052 0.084)
(0.054 0.084)
(0.056 0.084)
(0.058 0.084)
(0.06 0.084)
(0.062 0.084)
(0.064 0.084)
(0.066 0.084)
(0.068 0.084)
(0.07 0.084)
(0.072 0.084)
(0.074 0.084)
(0.076 0.084)
(0.078 0.084)
(0.08 0.084)
(0.082 0.084)
(0.084 0.084)
(0.086 0.084)
(0.088 0.084)
(0.09 0.084)
(0.092 0.084)
(0.094 0.084)
(0.096 0.084)
(0.098 0.084)
(0.1 0.084)
(0 0.085)
(0.002 0.085)
(0.004 0.085)
(0.006 0.085)
(0.008 0.085)
(0.01 0.085)
(0.012 0.085)
(0.014 0.085)
(0.016 0.085)
(0.018 0.085)
(0.02 0.085)
(0.022 0.085)
(0.024 0.085)
(0.026 0.085)
(0.028 0.085)
(0.03 0.085)
(0.032 0.085)
(0.034 0.085)
(0.036 0.085)
(0.038 0.085)
(0.04 0.085)
(0.042 0.085)
(0.044 0.085)
(0.046 0.085)
(0.048 0.085)
(0.05 0.085)
(0.052 0.085)
(0.054 0.085)
(0.056 0.085)
(0.058 0.085)
(0.06 0.085)
(0.062 0.085)
(0.064 0.085)
(0.066 0.085)
(0.068 0.085)
(0.07 0.085)
(0.072 0.085)
(0.074 0.085)
(0.076 0.085)
(0.078 0.085)
(0.08 0.085)
(0.082 0.085)
(0.084 0.085)
(0.086 0.085)
(0.088 0.085)
(0.09 0.085)
(0.092 0.085)
(0.094 0.085)
(0.096 0.085)
(0.098 0.085)
(0.1 0.085)
(0 0.086)
(0.002 0.086)
(0.004 0.086)
(0.006 0.086)
(0.008 0.086)
(0.01 0.086)
(0.012 0.086)
(0.014 0.086)
(0.016 0.086)
(0.018 0.086)
(0.02 0.086)
(0.022 0.086)
(0.024 0.086)
(0.026 0.086)
(0.028 0.086)
(0.03 0.086)
(0.032 0.086)
(0.034 0.086)
(0.036 0.086)
(0.038 0.086)
(0.04 0.086)
(0.042 0.086)
(0.044 0.086)
(0.046 0.086)
(0.048 0.086)
(0.05 0.086)
(0.052 0.086)
(0.054 0.086)
(0.056 0.086)
(0.058 0.086)
(0.06 0.086)
(0.062 0.086)
(0.064 0.086)
(0.066 0.086)
(0.068 0.086)
(0.07 0.086)
(0.072 0.086)
(0.074 0.086)
(0.076 0.086)
(0.078 0.086)
(0.08 0.086)
(0.082 0.086)
(0.084 0.086)
(0.086 0.086)
(0.088 0.086)
(0.09 0.086)
(0.092 0.086)
(0.094 0.086)
(0.096 0.086)
(0.098 0.086)
(0.1 0.086)
(0 0.087)
(0.002 0.087)
(0.004 0.087)
(0.006 0.087)
(0.008 0.087)
(0.01 0.087)
(0.012 0.087)
(0.014 0.087)
(0.016 0.087)
(0.018 0.087)
(0.02 0.087)
(0.022 0.087)
(0.024 0.087)
(0.026 0.087)
(0.028 0.087)
(0.03 0.087)
(0.032 0.087)
(0.034 0.087)
(0.036 0.087)
(0.038 0.087)
(0.04 0.087)
(0.042 0.087)
(0.044 0.087)
(0.046 0.087)
(0.048 0.087)
(0.05 0.087)
(0.052 0.087)
(0.054 0.087)
(0.056 0.087)
(0.058 0.087)
(0.06 0.087)
(0.062 0.087)
(0.064 0.087)
(0.066 0.087)
(0.068 0.087)
(0.07 0.087)
(0.072 0.087)
(0.074 0.087)
(0.076 0.087)
(0.078 0.087)
(0.08 0.087)
(0.082 0.087)
(0.084 0.087)
(0.086 0.087)
(0.088 0.087)
(0.09 0.087)
(0.092 0.087)
(0.094 0.087)
(0.096 0.087)
(0.098 0.087)
(0.1 0.087)
(0 0.088)
(0.002 0.088)
(0.004 0.088)
(0.006 0.088)
(0.008 0.088)
(0.01 0.088)
(0.012 0.088)
(0.014 0.088)
(0.016 0.088)
(0.018 0.088)
(0.02 0.088)
(0.022 0.088)
(0.024 0.088)
(0.026 0.088)
(0.028 0.088)
(0.03 0.088)
(0.032 0.088)
(0.034 0.088)
(0.036 0.088)
(0.038 0.088)
(0.04 0.088)
(0.042 0.088)
(0.044 0.088)
(0.046 0.088)
(0.048 0.088)
(0.05 0.088)
(0.052 0.088)
(0.054 0.088)
(0.056 0.088)
(0.058 0.088)
(0.06 0.088)
(0.062 0.088)
(0.064 0.088)
(0.066 0.088)
(0.068 0.088)
(0.07 0.088)
(0.072 0.088)
(0.074 0.088)
(0.076 0.088)
(0.078 0.088)
(0.08 0.088)
(0.082 0.088)
(0.084 0.088)
(0.086 0.088)
(0.088 0.088)
(0.09 0.088)
(0.092 0.088)
(0.094 0.088)
(0.096 0.088)
(0.098 0.088)
(0.1 0.088)
(0 0.089)
(0.002 0.089)
(0.004 0.089)
(0.006 0.089)
(0.008 0.089)
(0.01 0.089)
(0.012 0.089)
(0.014 0.089)
(0.016 0.089)
(0.018 0.089)
(0.02 0.089)
(0.022 0.089)
(0.024 0.089)
(0.026 0.089)
(0.028 0.089)
(0.03 0.089)
(0.032 0.089)
(0.034 0.089)
(0.036 0.089)
(0.038 0.089)
(0.04 0.089)
(0.042 0.089)
(0.044 0.089)
(0.046 0.089)
(0.048 0.089)
(0.05 0.089)
(0.052 0.089)
(0.054 0.089)
(0.056 0.089)
(0.058 0.089)
(0.06 0.089)
(0.062 0.089)
(0.064 0.089)
(0.066 0.089)
(0.068 0.089)
(0.07 0.089)
(0.072 0.089)
(0.074 0.089)
(0.076 0.089)
(0.078 0.089)
(0.08 0.089)
(0.082 0.089)
(0.084 0.089)
(0.086 0.089)
(0.088 0.089)
(0.09 0.089)
(0.092 0.089)
(0.094 0.089)
(0.096 0.089)
(0.098 0.089)
(0.1 0.089)
(0 0.09)
(0.002 0.09)
(0.004 0.09)
(0.006 0.09)
(0.008 0.09)
(0.01 0.09)
(0.012 0.09)
(0.014 0.09)
(0.016 0.09)
(0.018 0.09)
(0.02 0.09)
(0.022 0.09)
(0.024 0.09)
(0.026 0.09)
(0.028 0.09)
(0.03 0.09)
(0.032 0.09)
(0.034 0.09)
(0.036 0.09)
(0.038 0.09)
(0.04 0.09)
(0.042 0.09)
(0.044 0.09)
(0.046 0.09)
(0.048 0.09)
(0.05 0.09)
(0.052 0.09)
(0.054 0.09)
(0.056 0.09)
(0.058 0.09)
(0.06 0.09)
(0.062 0.09)
(0.064 0.09)
(0.066 0.09)
(0.068 0.09)
(0.07 0.09)
(0.072 0.09)
(0.074 0.09)
(0.076 0.09)
(0.078 0.09)
(0.08 0.09)
(0.082 0.09)
(0.084 0.09)
(0.086 0.09)
(0.088 0.09)
(0.09 0.09)
(0.092 0.09)
(0.094 0.09)
(0.096 0.09)
(0.098 0.09)
(0.1 0.09)
(0 0.091)
(0.002 0.091)
(0.004 0.091)
(0.006 0.091)
(0.008 0.091)
(0.01 0.091)
(0.012 0.091)
(0.014 0.091)
(0.016 0.091)
(0.018 0.091)
(0.02 0.091)
(0.022 0.091)
(0.024 0.091)
(0.026 0.091)
(0.028 0.091)
(0.03 0.091)
(0.032 0.091)
(0.034 0.091)
(0.036 0.091)
(0.038 0.091)
(0.04 0.091)
(0.042 0.091)
(0.044 0.091)
(0.046 0.091)
(0.048 0.091)
(0.05 0.091)
(0.052 0.091)
(0.054 0.091)
(0.056 0.091)
(0.058 0.091)
(0.06 0.091)
(0.062 0.091)
(0.064 0.091)
(0.066 0.091)
(0.068 0.091)
(0.07 0.091)
(0.072 0.091)
(0.074 0.091)
(0.076 0.091)
(0.078 0.091)
(0.08 0.091)
(0.082 0.091)
(0.084 0.091)
(0.086 0.091)
(0.088 0.091)
(0.09 0.091)
(0.092 0.091)
(0.094 0.091)
(0.096 0.091)
(0.098 0.091)
(0.1 0.091)
(0 0.092)
(0.002 0.092)
(0.004 0.092)
(0.006 0.092)
(0.008 0.092)
(0.01 0.092)
(0.012 0.092)
(0.014 0.092)
(0.016 0.092)
(0.018 0.092)
(0.02 0.092)
(0.022 0.092)
(0.024 0.092)
(0.026 0.092)
(0.028 0.092)
(0.03 0.092)
(0.032 0.092)
(0.034 0.092)
(0.036 0.092)
(0.038 0.092)
(0.04 0.092)
(0.042 0.092)
(0.044 0.092)
(0.046 0.092)
(0.048 0.092)
(0.05 0.092)
(0.052 0.092)
(0.054 0.092)
(0.056 0.092)
(0.058 0.092)
(0.06 0.092)
(0.062 0.092)
(0.064 0.092)
(0.066 0.092)
(0.068 0.092)
(0.07 0.092)
(0.072 0.092)
(0.074 0.092)
(0.076 0.092)
(0.078 0.092)
(0.08 0.092)
(0.082 0.092)
(0.084 0.092)
(0.086 0.092)
(0.088 0.092)
(0.09 0.092)
(0.092 0.092)
(0.094 0.092)
(0.096 0.092)
(0.098 0.092)
(0.1 0.092)
(0 0.093)
(0.002 0.093)
(0.004 0.093)
(0.006 0.093)
(0.008 0.093)
(0.01 0.093)
(0.012 0.093)
(0.014 0.093)
(0.016 0.093)
(0.018 0.093)
(0.02 0.093)
(0.022 0.093)
(0.024 0.093)
(0.026 0.093)
(0.028 0.093)
(0.03 0.093)
(0.032 0.093)
(0.034 0.093)
(0.036 0.093)
(0.038 0.093)
(0.04 0.093)
(0.042 0.093)
(0.044 0.093)
(0.046 0.093)
(0.048 0.093)
(0.05 0.093)
(0.052 0.093)
(0.054 0.093)
(0.056 0.093)
(0.058 0.093)
(0.06 0.093)
(0.062 0.093)
(0.064 0.093)
(0.066 0.093)
(0.068 0.093)
(0.07 0.093)
(0.072 0.093)
(0.074 0.093)
(0.076 0.093)
(0.078 0.093)
(0.08 0.093)
(0.082 0.093)
(0.084 0.093)
(0.086 0.093)
(0.088 0.093)
(0.09 0.093)
(0.092 0.093)
(0.094 0.093)
(0.096 0.093)
(0.098 0.093)
(0.1 0.093)
(0 0.094)
(0.002 0.094)
(0.004 0.094)
(0.006 0.094)
(0.008 0.094)
(0.01 0.094)
(0.012 0.094)
(0.014 0.094)
(0.016 0.094)
(0.018 0.094)
(0.02 0.094)
(0.022 0.094)
(0.024 0.094)
(0.026 0.094)
(0.028 0.094)
(0.03 0.094)
(0.032 0.094)
(0.034 0.094)
(0.036 0.094)
(0.038 0.094)
(0.04 0.094)
(0.042 0.094)
(0.044 0.094)
(0.046 0.094)
(0.048 0.094)
(0.05 0.094)
(0.052 0.094)
(0.054 0.094)
(0.056 0.094)
(0.058 0.094)
(0.06 0.094)
(0.062 0.094)
(0.064 0.094)
(0.066 0.094)
(0.068 0.094)
(0.07 0.094)
(0.072 0.094)
(0.074 0.094)
(0.076 0.094)
(0.078 0.094)
(0.08 0.094)
(0.082 0.094)
(0.084 0.094)
(0.086 0.094)
(0.088 0.094)
(0.09 0.094)
(0.092 0.094)
(0.094 0.094)
(0.096 0.094)
(0.098 0.094)
(0.1 0.094)
(0 0.095)
(0.002 0.095)
(0.004 0.095)
(0.006 0.095)
(0.008 0.095)
(0.01 0.095)
(0.012 0.095)
(0.014 0.095)
(0.016 0.095)
(0.018 0.095)
(0.02 0.095)
(0.022 0.095)
(0.024 0.095)
(0.026 0.095)
(0.028 0.095)
(0.03 0.095)
(0.032 0.095)
(0.034 0.095)
(0.036 0.095)
(0.038 0.095)
(0.04 0.095)
(0.042 0.095)
(0.044 0.095)
(0.046 0.095)
(0.048 0.095)
(0.05 0.095)
(0.052 0.095)
(0.054 0.095)
(0.056 0.095)
(0.058 0.095)
(0.06 0.095)
(0.062 0.095)
(0.064 0.095)
(0.066 0.095)
(0.068 0.095)
(0.07 0.095)
(0.072 0.095)
(0.074 0.095)
(0.076 0.095)
(0.078 0.095)
(0.08 0.095)
(0.082 0.095)
(0.084 0.095)
(0.086 0.095)
(0.088 0.095)
(0.09 0.095)
(0.092 0.095)
(0.094 0.095)
(0.096 0.095)
(0.098 0.095)
(0.1 0.095)
(0 0.096)
(0.002 0.096)
(0.004 0.096)
(0.006 0.096)
(0.008 0.096)
(0.01 0.096)
(0.012 0.096)
(0.014 0.096)
(0.016 0.096)
(0.018 0.096)
(0.02 0.096)
(0.022 0.096)
(0.024 0.096)
(0.026 0.096)
(0.028 0.096)
(0.03 0.096)
(0.032 0.096)
(0.034 0.096)
(0.036 0.096)
(0.038 0.096)
(0.04 0.096)
(0.042 0.096)
(0.044 0.096)
(0.046 0.096)
(0.048 0.096)
(0.05 0.096)
(0.052 0.096)
(0.054 0.096)
(0.056 0.096)
(0.058 0.096)
(0.06 0.096)
(0.062 0.096)
(0.064 0.096)
(0.066 0.096)
(0.068 0.096)
(0.07 0.096)
(0.072 0.096)
(0.074 0.096)
(0.076 0.096)
(0.078 0.096)
(0.08 0.096)
(0.082 0.096)
(0.084 0.096)
(0.086 0.096)
(0.088 0.096)
(0.09 0.096)
(0.092 0.096)
(0.094 0.096)
(0.096 0.096)
(0.098 0.096)
(0.1 0.096)
(0 0.097)
(0.002 0.097)
(0.004 0.097)
(0.006 0.097)
(0.008 0.097)
(0.01 0.097)
(0.012 0.097)
(0.014 0.097)
(0.016 0.097)
(0.018 0.097)
(0.02 0.097)
(0.022 0.097)
(0.024 0.097)
(0.026 0.097)
(0.028 0.097)
(0.03 0.097)
(0.032 0.097)
(0.034 0.097)
(0.036 0.097)
(0.038 0.097)
(0.04 0.097)
(0.042 0.097)
(0.044 0.097)
(0.046 0.097)
(0.048 0.097)
(0.05 0.097)
(0.052 0.097)
(0.054 0.097)
(0.056 0.097)
(0.058 0.097)
(0.06 0.097)
(0.062 0.097)
(0.064 0.097)
(0.066 0.097)
(0.068 0.097)
(0.07 0.097)
(0.072 0.097)
(0.074 0.097)
(0.076 0.097)
(0.078 0.097)
(0.08 0.097)
(0.082 0.097)
(0.084 0.097)
(0.086 0.097)
(0.088 0.097)
(0.09 0.097)
(0.092 0.097)
(0.094 0.097)
(0.096 0.097)
(0.098 0.097)
(0.1 0.097)
(0 0.098)
(0.002 0.098)
(0.004 0.098)
(0.006 0.098)
(0.008 0.098)
(0.01 0.098)
(0.012 0.098)
(0.014 0.098)
(0.016 0.098)
(0.018 0.098)
(0.02 0.098)
(0.022 0.098)
(0.024 0.098)
(0.026 0.098)
(0.028 0.098)
(0.03 0.098)
(0.032 0.098)
(0.034 0.098)
(0.036 0.098)
(0.038 0.098)
(0.04 0.098)
(0.042 0.098)
(0.044 0.098)
(0.046 0.098)
(0.048 0.098)
(0.05 0.098)
(0.052 0.098)
(0.054 0.098)
(0.056 0.098)
(0.058 0.098)
(0.06 0.098)
(0.062 0.098)
(0.064 0.098)
(0.066 0.098)
(0.068 0.098)
(0.07 0.098)
(0.072 0.098)
(0.074 0.098)
(0.076 0.098)
(0.078 0.098)
(0.08 0.098)
(0.082 0.098)
(0.084 0.098)
(0.086 0.098)
(0.088 0.098)
(0.09 0.098)
(0.092 0.098)
(0.094 0.098)
(0.096 0.098)
(0.098 0.098)
(0.1 0.098)
(0 0.099)
(0.002 0.099)
(0.004 0.099)
(0.006 0.099)
(0.008 0.099)
(0.01 0.099)
(0.012 0.099)
(0.014 0.099)
(0.016 0.099)
(0.018 0.099)
(0.02 0.099)
(0.022 0.099)
(0.024 0.099)
(0.026 0.099)
(0.028 0.099)
(0.03 0.099)
(0.032 0.099)
(0.034 0.099)
(0.036 0.099)
(0.038 0.099)
(0.04 0.099)
(0.042 0.099)
(0.044 0.099)
(0.046 0.099)
(0.048 0.099)
(0.05 0.099)
(0.052 0.099)
(0.054 0.099)
(0.056 0.099)
(0.058 0.099)
(0.06 0.099)
(0.062 0.099)
(0.064 0.099)
(0.066 0.099)
(0.068 0.099)
(0.07 0.099)
(0.072 0.099)
(0.074 0.099)
(0.076 0.099)
(0.078 0.099)
(0.08 0.099)
(0.082 0.099)
(0.084 0.099)
(0.086 0.099)
(0.088 0.099)
(0.09 0.099)
(0.092 0.099)
(0.094 0.099)
(0.096 0.099)
(0.098 0.099)
(0.1 0.099)
(0 0.1)
(0.002 0.1)
(0.004 0.1)
(0.006 0.1)
(0.008 0.1)
(0.01 0.1)
(0.012 0.1)
(0.014 0.1)
(0.016 0.1)
(0.018 0.1)
(0.02 0.1)
(0.022 0.1)
(0.024 0.1)
(0.026 0.1)
(0.028 0.1)
(0.03 0.1)
(0.032 0.1)
(0.034 0.1)
(0.036 0.1)
(0.038 0.1)
(0.04 0.1)
(0.042 0.1)
(0.044 0.1)
(0.046 0.1)
(0.048 0.1)
(0.05 0.1)
(0.052 0.1)
(0.054 0.1)
(0.056 0.1)
(0.058 0.1)
(0.06 0.1)
(0.062 0.1)
(0.064 0.1)
(0.066 0.1)
(0.068 0.1)
(0.07 0.1)
(0.072 0.1)
(0.074 0.1)
(0.076 0.1)
(0.078 0.1)
(0.08 0.1)
(0.082 0.1)
(0.084 0.1)
(0.086 0.1)
(0.088 0.1)
(0.09 0.1)
(0.092 0.1)
(0.094 0.1)
(0.096 0.1)
(0.098 0.1)
(0.1 0.1)
)
