2000
(
4(0 2090 40 2040)
4(1 2140 41 2090)
4(2 2190 42 2140)
4(3 2240 43 2190)
4(4 2290 44 2240)
4(5 2340 45 2290)
4(6 2390 46 2340)
4(7 2440 47 2390)
4(8 2490 48 2440)
4(9 2540 49 2490)
4(10 2590 50 2540)
4(11 2640 51 2590)
4(12 2690 52 2640)
4(13 2740 53 2690)
4(14 2790 54 2740)
4(15 2840 55 2790)
4(16 2890 56 2840)
4(17 2940 57 2890)
4(18 2990 58 2940)
4(19 3040 59 2990)
4(20 3090 60 3040)
4(21 3140 61 3090)
4(22 3190 62 3140)
4(23 3240 63 3190)
4(24 3290 64 3240)
4(25 3340 65 3290)
4(26 3390 66 3340)
4(27 3440 67 3390)
4(28 3490 68 3440)
4(29 3540 69 3490)
4(30 3590 70 3540)
4(31 3640 71 3590)
4(32 3690 72 3640)
4(33 3740 73 3690)
4(34 3790 74 3740)
4(35 3840 75 3790)
4(36 3890 76 3840)
4(37 3940 77 3890)
4(38 3990 78 3940)
4(39 4040 79 3990)
4(40 2091 80 2041)
4(41 2141 81 2091)
4(42 2191 82 2141)
4(43 2241 83 2191)
4(44 2291 84 2241)
4(45 2341 85 2291)
4(46 2391 86 2341)
4(47 2441 87 2391)
4(48 2491 88 2441)
4(49 2541 89 2491)
4(50 2591 90 2541)
4(51 2641 91 2591)
4(52 2691 92 2641)
4(53 2741 93 2691)
4(54 2791 94 2741)
4(55 2841 95 2791)
4(56 2891 96 2841)
4(57 2941 97 2891)
4(58 2991 98 2941)
4(59 3041 99 2991)
4(60 3091 100 3041)
4(61 3141 101 3091)
4(62 3191 102 3141)
4(63 3241 103 3191)
4(64 3291 104 3241)
4(65 3341 105 3291)
4(66 3391 106 3341)
4(67 3441 107 3391)
4(68 3491 108 3441)
4(69 3541 109 3491)
4(70 3591 110 3541)
4(71 3641 111 3591)
4(72 3691 112 3641)
4(73 3741 113 3691)
4(74 3791 114 3741)
4(75 3841 115 3791)
4(76 3891 116 3841)
4(77 3941 117 3891)
4(78 3991 118 3941)
4(79 4041 119 3991)
4(80 2092 120 2042)
4(81 2142 121 2092)
4(82 2192 122 2142)
4(83 2242 123 2192)
4(84 2292 124 2242)
4(85 2342 125 2292)
4(86 2392 126 2342)
4(87 2442 127 2392)
4(88 2492 128 2442)
4(89 2542 129 2492)
4(90 2592 130 2542)
4(91 2642 131 2592)
4(92 2692 132 2642)
4(93 2742 133 2692)
4(94 2792 134 2742)
4(95 2842 135 2792)
4(96 2892 136 2842)
4(97 2942 137 2892)
4(98 2992 138 2942)
4(99 3042 139 2992)
4(100 3092 140 3042)
4(101 3142 141 3092)
4(102 3192 142 3142)
4(103 3242 143 3192)
4(104 3292 144 3242)
4(105 3342 145 3292)
4(106 3392 146 3342)
4(107 3442 147 3392)
4(108 3492 148 3442)
4(109 3542 149 3492)
4(110 3592 150 3542)
4(111 3642 151 3592)
4(112 3692 152 3642)
4(113 3742 153 3692)
4(114 3792 154 3742)
4(115 3842 155 3792)
4(116 3892 156 3842)
4(117 3942 157 3892)
4(118 3992 158 3942)
4(119 4042 159 3992)
4(120 2093 160 2043)
4(121 2143 161 2093)
4(122 2193 162 2143)
4(123 2243 163 2193)
4(124 2293 164 2243)
4(125 2343 165 2293)
4(126 2393 166 2343)
4(127 2443 167 2393)
4(128 2493 168 2443)
4(129 2543 169 2493)
4(130 2593 170 2543)
4(131 2643 171 2593)
4(132 2693 172 2643)
4(133 2743 173 2693)
4(134 2793 174 2743)
4(135 2843 175 2793)
4(136 2893 176 2843)
4(137 2943 177 2893)
4(138 2993 178 2943)
4(139 3043 179 2993)
4(140 3093 180 3043)
4(141 3143 181 3093)
4(142 3193 182 3143)
4(143 3243 183 3193)
4(144 3293 184 3243)
4(145 3343 185 3293)
4(146 3393 186 3343)
4(147 3443 187 3393)
4(148 3493 188 3443)
4(149 3543 189 3493)
4(150 3593 190 3543)
4(151 3643 191 3593)
4(152 3693 192 3643)
4(153 3743 193 3693)
4(154 3793 194 3743)
4(155 3843 195 3793)
4(156 3893 196 3843)
4(157 3943 197 3893)
4(158 3993 198 3943)
4(159 4043 199 3993)
4(160 2094 200 2044)
4(161 2144 201 2094)
4(162 2194 202 2144)
4(163 2244 203 2194)
4(164 2294 204 2244)
4(165 2344 205 2294)
4(166 2394 206 2344)
4(167 2444 207 2394)
4(168 2494 208 2444)
4(169 2544 209 2494)
4(170 2594 210 2544)
4(171 2644 211 2594)
4(172 2694 212 2644)
4(173 2744 213 2694)
4(174 2794 214 2744)
4(175 2844 215 2794)
4(176 2894 216 2844)
4(177 2944 217 2894)
4(178 2994 218 2944)
4(179 3044 219 2994)
4(180 3094 220 3044)
4(181 3144 221 3094)
4(182 3194 222 3144)
4(183 3244 223 3194)
4(184 3294 224 3244)
4(185 3344 225 3294)
4(186 3394 226 3344)
4(187 3444 227 3394)
4(188 3494 228 3444)
4(189 3544 229 3494)
4(190 3594 230 3544)
4(191 3644 231 3594)
4(192 3694 232 3644)
4(193 3744 233 3694)
4(194 3794 234 3744)
4(195 3844 235 3794)
4(196 3894 236 3844)
4(197 3944 237 3894)
4(198 3994 238 3944)
4(199 4044 239 3994)
4(200 2095 240 2045)
4(201 2145 241 2095)
4(202 2195 242 2145)
4(203 2245 243 2195)
4(204 2295 244 2245)
4(205 2345 245 2295)
4(206 2395 246 2345)
4(207 2445 247 2395)
4(208 2495 248 2445)
4(209 2545 249 2495)
4(210 2595 250 2545)
4(211 2645 251 2595)
4(212 2695 252 2645)
4(213 2745 253 2695)
4(214 2795 254 2745)
4(215 2845 255 2795)
4(216 2895 256 2845)
4(217 2945 257 2895)
4(218 2995 258 2945)
4(219 3045 259 2995)
4(220 3095 260 3045)
4(221 3145 261 3095)
4(222 3195 262 3145)
4(223 3245 263 3195)
4(224 3295 264 3245)
4(225 3345 265 3295)
4(226 3395 266 3345)
4(227 3445 267 3395)
4(228 3495 268 3445)
4(229 3545 269 3495)
4(230 3595 270 3545)
4(231 3645 271 3595)
4(232 3695 272 3645)
4(233 3745 273 3695)
4(234 3795 274 3745)
4(235 3845 275 3795)
4(236 3895 276 3845)
4(237 3945 277 3895)
4(238 3995 278 3945)
4(239 4045 279 3995)
4(240 2096 280 2046)
4(241 2146 281 2096)
4(242 2196 282 2146)
4(243 2246 283 2196)
4(244 2296 284 2246)
4(245 2346 285 2296)
4(246 2396 286 2346)
4(247 2446 287 2396)
4(248 2496 288 2446)
4(249 2546 289 2496)
4(250 2596 290 2546)
4(251 2646 291 2596)
4(252 2696 292 2646)
4(253 2746 293 2696)
4(254 2796 294 2746)
4(255 2846 295 2796)
4(256 2896 296 2846)
4(257 2946 297 2896)
4(258 2996 298 2946)
4(259 3046 299 2996)
4(260 3096 300 3046)
4(261 3146 301 3096)
4(262 3196 302 3146)
4(263 3246 303 3196)
4(264 3296 304 3246)
4(265 3346 305 3296)
4(266 3396 306 3346)
4(267 3446 307 3396)
4(268 3496 308 3446)
4(269 3546 309 3496)
4(270 3596 310 3546)
4(271 3646 311 3596)
4(272 3696 312 3646)
4(273 3746 313 3696)
4(274 3796 314 3746)
4(275 3846 315 3796)
4(276 3896 316 3846)
4(277 3946 317 3896)
4(278 3996 318 3946)
4(279 4046 319 3996)
4(280 2097 320 2047)
4(281 2147 321 2097)
4(282 2197 322 2147)
4(283 2247 323 2197)
4(284 2297 324 2247)
4(285 2347 325 2297)
4(286 2397 326 2347)
4(287 2447 327 2397)
4(288 2497 328 2447)
4(289 2547 329 2497)
4(290 2597 330 2547)
4(291 2647 331 2597)
4(292 2697 332 2647)
4(293 2747 333 2697)
4(294 2797 334 2747)
4(295 2847 335 2797)
4(296 2897 336 2847)
4(297 2947 337 2897)
4(298 2997 338 2947)
4(299 3047 339 2997)
4(300 3097 340 3047)
4(301 3147 341 3097)
4(302 3197 342 3147)
4(303 3247 343 3197)
4(304 3297 344 3247)
4(305 3347 345 3297)
4(306 3397 346 3347)
4(307 3447 347 3397)
4(308 3497 348 3447)
4(309 3547 349 3497)
4(310 3597 350 3547)
4(311 3647 351 3597)
4(312 3697 352 3647)
4(313 3747 353 3697)
4(314 3797 354 3747)
4(315 3847 355 3797)
4(316 3897 356 3847)
4(317 3947 357 3897)
4(318 3997 358 3947)
4(319 4047 359 3997)
4(320 2098 360 2048)
4(321 2148 361 2098)
4(322 2198 362 2148)
4(323 2248 363 2198)
4(324 2298 364 2248)
4(325 2348 365 2298)
4(326 2398 366 2348)
4(327 2448 367 2398)
4(328 2498 368 2448)
4(329 2548 369 2498)
4(330 2598 370 2548)
4(331 2648 371 2598)
4(332 2698 372 2648)
4(333 2748 373 2698)
4(334 2798 374 2748)
4(335 2848 375 2798)
4(336 2898 376 2848)
4(337 2948 377 2898)
4(338 2998 378 2948)
4(339 3048 379 2998)
4(340 3098 380 3048)
4(341 3148 381 3098)
4(342 3198 382 3148)
4(343 3248 383 3198)
4(344 3298 384 3248)
4(345 3348 385 3298)
4(346 3398 386 3348)
4(347 3448 387 3398)
4(348 3498 388 3448)
4(349 3548 389 3498)
4(350 3598 390 3548)
4(351 3648 391 3598)
4(352 3698 392 3648)
4(353 3748 393 3698)
4(354 3798 394 3748)
4(355 3848 395 3798)
4(356 3898 396 3848)
4(357 3948 397 3898)
4(358 3998 398 3948)
4(359 4048 399 3998)
4(360 2099 400 2049)
4(361 2149 401 2099)
4(362 2199 402 2149)
4(363 2249 403 2199)
4(364 2299 404 2249)
4(365 2349 405 2299)
4(366 2399 406 2349)
4(367 2449 407 2399)
4(368 2499 408 2449)
4(369 2549 409 2499)
4(370 2599 410 2549)
4(371 2649 411 2599)
4(372 2699 412 2649)
4(373 2749 413 2699)
4(374 2799 414 2749)
4(375 2849 415 2799)
4(376 2899 416 2849)
4(377 2949 417 2899)
4(378 2999 418 2949)
4(379 3049 419 2999)
4(380 3099 420 3049)
4(381 3149 421 3099)
4(382 3199 422 3149)
4(383 3249 423 3199)
4(384 3299 424 3249)
4(385 3349 425 3299)
4(386 3399 426 3349)
4(387 3449 427 3399)
4(388 3499 428 3449)
4(389 3549 429 3499)
4(390 3599 430 3549)
4(391 3649 431 3599)
4(392 3699 432 3649)
4(393 3749 433 3699)
4(394 3799 434 3749)
4(395 3849 435 3799)
4(396 3899 436 3849)
4(397 3949 437 3899)
4(398 3999 438 3949)
4(399 4049 439 3999)
4(400 2100 440 2050)
4(401 2150 441 2100)
4(402 2200 442 2150)
4(403 2250 443 2200)
4(404 2300 444 2250)
4(405 2350 445 2300)
4(406 2400 446 2350)
4(407 2450 447 2400)
4(408 2500 448 2450)
4(409 2550 449 2500)
4(410 2600 450 2550)
4(411 2650 451 2600)
4(412 2700 452 2650)
4(413 2750 453 2700)
4(414 2800 454 2750)
4(415 2850 455 2800)
4(416 2900 456 2850)
4(417 2950 457 2900)
4(418 3000 458 2950)
4(419 3050 459 3000)
4(420 3100 460 3050)
4(421 3150 461 3100)
4(422 3200 462 3150)
4(423 3250 463 3200)
4(424 3300 464 3250)
4(425 3350 465 3300)
4(426 3400 466 3350)
4(427 3450 467 3400)
4(428 3500 468 3450)
4(429 3550 469 3500)
4(430 3600 470 3550)
4(431 3650 471 3600)
4(432 3700 472 3650)
4(433 3750 473 3700)
4(434 3800 474 3750)
4(435 3850 475 3800)
4(436 3900 476 3850)
4(437 3950 477 3900)
4(438 4000 478 3950)
4(439 4050 479 4000)
4(440 2101 480 2051)
4(441 2151 481 2101)
4(442 2201 482 2151)
4(443 2251 483 2201)
4(444 2301 484 2251)
4(445 2351 485 2301)
4(446 2401 486 2351)
4(447 2451 487 2401)
4(448 2501 488 2451)
4(449 2551 489 2501)
4(450 2601 490 2551)
4(451 2651 491 2601)
4(452 2701 492 2651)
4(453 2751 493 2701)
4(454 2801 494 2751)
4(455 2851 495 2801)
4(456 2901 496 2851)
4(457 2951 497 2901)
4(458 3001 498 2951)
4(459 3051 499 3001)
4(460 3101 500 3051)
4(461 3151 501 3101)
4(462 3201 502 3151)
4(463 3251 503 3201)
4(464 3301 504 3251)
4(465 3351 505 3301)
4(466 3401 506 3351)
4(467 3451 507 3401)
4(468 3501 508 3451)
4(469 3551 509 3501)
4(470 3601 510 3551)
4(471 3651 511 3601)
4(472 3701 512 3651)
4(473 3751 513 3701)
4(474 3801 514 3751)
4(475 3851 515 3801)
4(476 3901 516 3851)
4(477 3951 517 3901)
4(478 4001 518 3951)
4(479 4051 519 4001)
4(480 2102 520 2052)
4(481 2152 521 2102)
4(482 2202 522 2152)
4(483 2252 523 2202)
4(484 2302 524 2252)
4(485 2352 525 2302)
4(486 2402 526 2352)
4(487 2452 527 2402)
4(488 2502 528 2452)
4(489 2552 529 2502)
4(490 2602 530 2552)
4(491 2652 531 2602)
4(492 2702 532 2652)
4(493 2752 533 2702)
4(494 2802 534 2752)
4(495 2852 535 2802)
4(496 2902 536 2852)
4(497 2952 537 2902)
4(498 3002 538 2952)
4(499 3052 539 3002)
4(500 3102 540 3052)
4(501 3152 541 3102)
4(502 3202 542 3152)
4(503 3252 543 3202)
4(504 3302 544 3252)
4(505 3352 545 3302)
4(506 3402 546 3352)
4(507 3452 547 3402)
4(508 3502 548 3452)
4(509 3552 549 3502)
4(510 3602 550 3552)
4(511 3652 551 3602)
4(512 3702 552 3652)
4(513 3752 553 3702)
4(514 3802 554 3752)
4(515 3852 555 3802)
4(516 3902 556 3852)
4(517 3952 557 3902)
4(518 4002 558 3952)
4(519 4052 559 4002)
4(520 2103 560 2053)
4(521 2153 561 2103)
4(522 2203 562 2153)
4(523 2253 563 2203)
4(524 2303 564 2253)
4(525 2353 565 2303)
4(526 2403 566 2353)
4(527 2453 567 2403)
4(528 2503 568 2453)
4(529 2553 569 2503)
4(530 2603 570 2553)
4(531 2653 571 2603)
4(532 2703 572 2653)
4(533 2753 573 2703)
4(534 2803 574 2753)
4(535 2853 575 2803)
4(536 2903 576 2853)
4(537 2953 577 2903)
4(538 3003 578 2953)
4(539 3053 579 3003)
4(540 3103 580 3053)
4(541 3153 581 3103)
4(542 3203 582 3153)
4(543 3253 583 3203)
4(544 3303 584 3253)
4(545 3353 585 3303)
4(546 3403 586 3353)
4(547 3453 587 3403)
4(548 3503 588 3453)
4(549 3553 589 3503)
4(550 3603 590 3553)
4(551 3653 591 3603)
4(552 3703 592 3653)
4(553 3753 593 3703)
4(554 3803 594 3753)
4(555 3853 595 3803)
4(556 3903 596 3853)
4(557 3953 597 3903)
4(558 4003 598 3953)
4(559 4053 599 4003)
4(560 2104 600 2054)
4(561 2154 601 2104)
4(562 2204 602 2154)
4(563 2254 603 2204)
4(564 2304 604 2254)
4(565 2354 605 2304)
4(566 2404 606 2354)
4(567 2454 607 2404)
4(568 2504 608 2454)
4(569 2554 609 2504)
4(570 2604 610 2554)
4(571 2654 611 2604)
4(572 2704 612 2654)
4(573 2754 613 2704)
4(574 2804 614 2754)
4(575 2854 615 2804)
4(576 2904 616 2854)
4(577 2954 617 2904)
4(578 3004 618 2954)
4(579 3054 619 3004)
4(580 3104 620 3054)
4(581 3154 621 3104)
4(582 3204 622 3154)
4(583 3254 623 3204)
4(584 3304 624 3254)
4(585 3354 625 3304)
4(586 3404 626 3354)
4(587 3454 627 3404)
4(588 3504 628 3454)
4(589 3554 629 3504)
4(590 3604 630 3554)
4(591 3654 631 3604)
4(592 3704 632 3654)
4(593 3754 633 3704)
4(594 3804 634 3754)
4(595 3854 635 3804)
4(596 3904 636 3854)
4(597 3954 637 3904)
4(598 4004 638 3954)
4(599 4054 639 4004)
4(600 2105 640 2055)
4(601 2155 641 2105)
4(602 2205 642 2155)
4(603 2255 643 2205)
4(604 2305 644 2255)
4(605 2355 645 2305)
4(606 2405 646 2355)
4(607 2455 647 2405)
4(608 2505 648 2455)
4(609 2555 649 2505)
4(610 2605 650 2555)
4(611 2655 651 2605)
4(612 2705 652 2655)
4(613 2755 653 2705)
4(614 2805 654 2755)
4(615 2855 655 2805)
4(616 2905 656 2855)
4(617 2955 657 2905)
4(618 3005 658 2955)
4(619 3055 659 3005)
4(620 3105 660 3055)
4(621 3155 661 3105)
4(622 3205 662 3155)
4(623 3255 663 3205)
4(624 3305 664 3255)
4(625 3355 665 3305)
4(626 3405 666 3355)
4(627 3455 667 3405)
4(628 3505 668 3455)
4(629 3555 669 3505)
4(630 3605 670 3555)
4(631 3655 671 3605)
4(632 3705 672 3655)
4(633 3755 673 3705)
4(634 3805 674 3755)
4(635 3855 675 3805)
4(636 3905 676 3855)
4(637 3955 677 3905)
4(638 4005 678 3955)
4(639 4055 679 4005)
4(640 2106 680 2056)
4(641 2156 681 2106)
4(642 2206 682 2156)
4(643 2256 683 2206)
4(644 2306 684 2256)
4(645 2356 685 2306)
4(646 2406 686 2356)
4(647 2456 687 2406)
4(648 2506 688 2456)
4(649 2556 689 2506)
4(650 2606 690 2556)
4(651 2656 691 2606)
4(652 2706 692 2656)
4(653 2756 693 2706)
4(654 2806 694 2756)
4(655 2856 695 2806)
4(656 2906 696 2856)
4(657 2956 697 2906)
4(658 3006 698 2956)
4(659 3056 699 3006)
4(660 3106 700 3056)
4(661 3156 701 3106)
4(662 3206 702 3156)
4(663 3256 703 3206)
4(664 3306 704 3256)
4(665 3356 705 3306)
4(666 3406 706 3356)
4(667 3456 707 3406)
4(668 3506 708 3456)
4(669 3556 709 3506)
4(670 3606 710 3556)
4(671 3656 711 3606)
4(672 3706 712 3656)
4(673 3756 713 3706)
4(674 3806 714 3756)
4(675 3856 715 3806)
4(676 3906 716 3856)
4(677 3956 717 3906)
4(678 4006 718 3956)
4(679 4056 719 4006)
4(680 2107 720 2057)
4(681 2157 721 2107)
4(682 2207 722 2157)
4(683 2257 723 2207)
4(684 2307 724 2257)
4(685 2357 725 2307)
4(686 2407 726 2357)
4(687 2457 727 2407)
4(688 2507 728 2457)
4(689 2557 729 2507)
4(690 2607 730 2557)
4(691 2657 731 2607)
4(692 2707 732 2657)
4(693 2757 733 2707)
4(694 2807 734 2757)
4(695 2857 735 2807)
4(696 2907 736 2857)
4(697 2957 737 2907)
4(698 3007 738 2957)
4(699 3057 739 3007)
4(700 3107 740 3057)
4(701 3157 741 3107)
4(702 3207 742 3157)
4(703 3257 743 3207)
4(704 3307 744 3257)
4(705 3357 745 3307)
4(706 3407 746 3357)
4(707 3457 747 3407)
4(708 3507 748 3457)
4(709 3557 749 3507)
4(710 3607 750 3557)
4(711 3657 751 3607)
4(712 3707 752 3657)
4(713 3757 753 3707)
4(714 3807 754 3757)
4(715 3857 755 3807)
4(716 3907 756 3857)
4(717 3957 757 3907)
4(718 4007 758 3957)
4(719 4057 759 4007)
4(720 2108 760 2058)
4(721 2158 761 2108)
4(722 2208 762 2158)
4(723 2258 763 2208)
4(724 2308 764 2258)
4(725 2358 765 2308)
4(726 2408 766 2358)
4(727 2458 767 2408)
4(728 2508 768 2458)
4(729 2558 769 2508)
4(730 2608 770 2558)
4(731 2658 771 2608)
4(732 2708 772 2658)
4(733 2758 773 2708)
4(734 2808 774 2758)
4(735 2858 775 2808)
4(736 2908 776 2858)
4(737 2958 777 2908)
4(738 3008 778 2958)
4(739 3058 779 3008)
4(740 3108 780 3058)
4(741 3158 781 3108)
4(742 3208 782 3158)
4(743 3258 783 3208)
4(744 3308 784 3258)
4(745 3358 785 3308)
4(746 3408 786 3358)
4(747 3458 787 3408)
4(748 3508 788 3458)
4(749 3558 789 3508)
4(750 3608 790 3558)
4(751 3658 791 3608)
4(752 3708 792 3658)
4(753 3758 793 3708)
4(754 3808 794 3758)
4(755 3858 795 3808)
4(756 3908 796 3858)
4(757 3958 797 3908)
4(758 4008 798 3958)
4(759 4058 799 4008)
4(760 2109 800 2059)
4(761 2159 801 2109)
4(762 2209 802 2159)
4(763 2259 803 2209)
4(764 2309 804 2259)
4(765 2359 805 2309)
4(766 2409 806 2359)
4(767 2459 807 2409)
4(768 2509 808 2459)
4(769 2559 809 2509)
4(770 2609 810 2559)
4(771 2659 811 2609)
4(772 2709 812 2659)
4(773 2759 813 2709)
4(774 2809 814 2759)
4(775 2859 815 2809)
4(776 2909 816 2859)
4(777 2959 817 2909)
4(778 3009 818 2959)
4(779 3059 819 3009)
4(780 3109 820 3059)
4(781 3159 821 3109)
4(782 3209 822 3159)
4(783 3259 823 3209)
4(784 3309 824 3259)
4(785 3359 825 3309)
4(786 3409 826 3359)
4(787 3459 827 3409)
4(788 3509 828 3459)
4(789 3559 829 3509)
4(790 3609 830 3559)
4(791 3659 831 3609)
4(792 3709 832 3659)
4(793 3759 833 3709)
4(794 3809 834 3759)
4(795 3859 835 3809)
4(796 3909 836 3859)
4(797 3959 837 3909)
4(798 4009 838 3959)
4(799 4059 839 4009)
4(800 2110 840 2060)
4(801 2160 841 2110)
4(802 2210 842 2160)
4(803 2260 843 2210)
4(804 2310 844 2260)
4(805 2360 845 2310)
4(806 2410 846 2360)
4(807 2460 847 2410)
4(808 2510 848 2460)
4(809 2560 849 2510)
4(810 2610 850 2560)
4(811 2660 851 2610)
4(812 2710 852 2660)
4(813 2760 853 2710)
4(814 2810 854 2760)
4(815 2860 855 2810)
4(816 2910 856 2860)
4(817 2960 857 2910)
4(818 3010 858 2960)
4(819 3060 859 3010)
4(820 3110 860 3060)
4(821 3160 861 3110)
4(822 3210 862 3160)
4(823 3260 863 3210)
4(824 3310 864 3260)
4(825 3360 865 3310)
4(826 3410 866 3360)
4(827 3460 867 3410)
4(828 3510 868 3460)
4(829 3560 869 3510)
4(830 3610 870 3560)
4(831 3660 871 3610)
4(832 3710 872 3660)
4(833 3760 873 3710)
4(834 3810 874 3760)
4(835 3860 875 3810)
4(836 3910 876 3860)
4(837 3960 877 3910)
4(838 4010 878 3960)
4(839 4060 879 4010)
4(840 2111 880 2061)
4(841 2161 881 2111)
4(842 2211 882 2161)
4(843 2261 883 2211)
4(844 2311 884 2261)
4(845 2361 885 2311)
4(846 2411 886 2361)
4(847 2461 887 2411)
4(848 2511 888 2461)
4(849 2561 889 2511)
4(850 2611 890 2561)
4(851 2661 891 2611)
4(852 2711 892 2661)
4(853 2761 893 2711)
4(854 2811 894 2761)
4(855 2861 895 2811)
4(856 2911 896 2861)
4(857 2961 897 2911)
4(858 3011 898 2961)
4(859 3061 899 3011)
4(860 3111 900 3061)
4(861 3161 901 3111)
4(862 3211 902 3161)
4(863 3261 903 3211)
4(864 3311 904 3261)
4(865 3361 905 3311)
4(866 3411 906 3361)
4(867 3461 907 3411)
4(868 3511 908 3461)
4(869 3561 909 3511)
4(870 3611 910 3561)
4(871 3661 911 3611)
4(872 3711 912 3661)
4(873 3761 913 3711)
4(874 3811 914 3761)
4(875 3861 915 3811)
4(876 3911 916 3861)
4(877 3961 917 3911)
4(878 4011 918 3961)
4(879 4061 919 4011)
4(880 2112 920 2062)
4(881 2162 921 2112)
4(882 2212 922 2162)
4(883 2262 923 2212)
4(884 2312 924 2262)
4(885 2362 925 2312)
4(886 2412 926 2362)
4(887 2462 927 2412)
4(888 2512 928 2462)
4(889 2562 929 2512)
4(890 2612 930 2562)
4(891 2662 931 2612)
4(892 2712 932 2662)
4(893 2762 933 2712)
4(894 2812 934 2762)
4(895 2862 935 2812)
4(896 2912 936 2862)
4(897 2962 937 2912)
4(898 3012 938 2962)
4(899 3062 939 3012)
4(900 3112 940 3062)
4(901 3162 941 3112)
4(902 3212 942 3162)
4(903 3262 943 3212)
4(904 3312 944 3262)
4(905 3362 945 3312)
4(906 3412 946 3362)
4(907 3462 947 3412)
4(908 3512 948 3462)
4(909 3562 949 3512)
4(910 3612 950 3562)
4(911 3662 951 3612)
4(912 3712 952 3662)
4(913 3762 953 3712)
4(914 3812 954 3762)
4(915 3862 955 3812)
4(916 3912 956 3862)
4(917 3962 957 3912)
4(918 4012 958 3962)
4(919 4062 959 4012)
4(920 2113 960 2063)
4(921 2163 961 2113)
4(922 2213 962 2163)
4(923 2263 963 2213)
4(924 2313 964 2263)
4(925 2363 965 2313)
4(926 2413 966 2363)
4(927 2463 967 2413)
4(928 2513 968 2463)
4(929 2563 969 2513)
4(930 2613 970 2563)
4(931 2663 971 2613)
4(932 2713 972 2663)
4(933 2763 973 2713)
4(934 2813 974 2763)
4(935 2863 975 2813)
4(936 2913 976 2863)
4(937 2963 977 2913)
4(938 3013 978 2963)
4(939 3063 979 3013)
4(940 3113 980 3063)
4(941 3163 981 3113)
4(942 3213 982 3163)
4(943 3263 983 3213)
4(944 3313 984 3263)
4(945 3363 985 3313)
4(946 3413 986 3363)
4(947 3463 987 3413)
4(948 3513 988 3463)
4(949 3563 989 3513)
4(950 3613 990 3563)
4(951 3663 991 3613)
4(952 3713 992 3663)
4(953 3763 993 3713)
4(954 3813 994 3763)
4(955 3863 995 3813)
4(956 3913 996 3863)
4(957 3963 997 3913)
4(958 4013 998 3963)
4(959 4063 999 4013)
4(960 2114 1000 2064)
4(961 2164 1001 2114)
4(962 2214 1002 2164)
4(963 2264 1003 2214)
4(964 2314 1004 2264)
4(965 2364 1005 2314)
4(966 2414 1006 2364)
4(967 2464 1007 2414)
4(968 2514 1008 2464)
4(969 2564 1009 2514)
4(970 2614 1010 2564)
4(971 2664 1011 2614)
4(972 2714 1012 2664)
4(973 2764 1013 2714)
4(974 2814 1014 2764)
4(975 2864 1015 2814)
4(976 2914 1016 2864)
4(977 2964 1017 2914)
4(978 3014 1018 2964)
4(979 3064 1019 3014)
4(980 3114 1020 3064)
4(981 3164 1021 3114)
4(982 3214 1022 3164)
4(983 3264 1023 3214)
4(984 3314 1024 3264)
4(985 3364 1025 3314)
4(986 3414 1026 3364)
4(987 3464 1027 3414)
4(988 3514 1028 3464)
4(989 3564 1029 3514)
4(990 3614 1030 3564)
4(991 3664 1031 3614)
4(992 3714 1032 3664)
4(993 3764 1033 3714)
4(994 3814 1034 3764)
4(995 3864 1035 3814)
4(996 3914 1036 3864)
4(997 3964 1037 3914)
4(998 4014 1038 3964)
4(999 4064 1039 4014)
4(1000 2115 1040 2065)
4(1001 2165 1041 2115)
4(1002 2215 1042 2165)
4(1003 2265 1043 2215)
4(1004 2315 1044 2265)
4(1005 2365 1045 2315)
4(1006 2415 1046 2365)
4(1007 2465 1047 2415)
4(1008 2515 1048 2465)
4(1009 2565 1049 2515)
4(1010 2615 1050 2565)
4(1011 2665 1051 2615)
4(1012 2715 1052 2665)
4(1013 2765 1053 2715)
4(1014 2815 1054 2765)
4(1015 2865 1055 2815)
4(1016 2915 1056 2865)
4(1017 2965 1057 2915)
4(1018 3015 1058 2965)
4(1019 3065 1059 3015)
4(1020 3115 1060 3065)
4(1021 3165 1061 3115)
4(1022 3215 1062 3165)
4(1023 3265 1063 3215)
4(1024 3315 1064 3265)
4(1025 3365 1065 3315)
4(1026 3415 1066 3365)
4(1027 3465 1067 3415)
4(1028 3515 1068 3465)
4(1029 3565 1069 3515)
4(1030 3615 1070 3565)
4(1031 3665 1071 3615)
4(1032 3715 1072 3665)
4(1033 3765 1073 3715)
4(1034 3815 1074 3765)
4(1035 3865 1075 3815)
4(1036 3915 1076 3865)
4(1037 3965 1077 3915)
4(1038 4015 1078 3965)
4(1039 4065 1079 4015)
4(1040 2116 1080 2066)
4(1041 2166 1081 2116)
4(1042 2216 1082 2166)
4(1043 2266 1083 2216)
4(1044 2316 1084 2266)
4(1045 2366 1085 2316)
4(1046 2416 1086 2366)
4(1047 2466 1087 2416)
4(1048 2516 1088 2466)
4(1049 2566 1089 2516)
4(1050 2616 1090 2566)
4(1051 2666 1091 2616)
4(1052 2716 1092 2666)
4(1053 2766 1093 2716)
4(1054 2816 1094 2766)
4(1055 2866 1095 2816)
4(1056 2916 1096 2866)
4(1057 2966 1097 2916)
4(1058 3016 1098 2966)
4(1059 3066 1099 3016)
4(1060 3116 1100 3066)
4(1061 3166 1101 3116)
4(1062 3216 1102 3166)
4(1063 3266 1103 3216)
4(1064 3316 1104 3266)
4(1065 3366 1105 3316)
4(1066 3416 1106 3366)
4(1067 3466 1107 3416)
4(1068 3516 1108 3466)
4(1069 3566 1109 3516)
4(1070 3616 1110 3566)
4(1071 3666 1111 3616)
4(1072 3716 1112 3666)
4(1073 3766 1113 3716)
4(1074 3816 1114 3766)
4(1075 3866 1115 3816)
4(1076 3916 1116 3866)
4(1077 3966 1117 3916)
4(1078 4016 1118 3966)
4(1079 4066 1119 4016)
4(1080 2117 1120 2067)
4(1081 2167 1121 2117)
4(1082 2217 1122 2167)
4(1083 2267 1123 2217)
4(1084 2317 1124 2267)
4(1085 2367 1125 2317)
4(1086 2417 1126 2367)
4(1087 2467 1127 2417)
4(1088 2517 1128 2467)
4(1089 2567 1129 2517)
4(1090 2617 1130 2567)
4(1091 2667 1131 2617)
4(1092 2717 1132 2667)
4(1093 2767 1133 2717)
4(1094 2817 1134 2767)
4(1095 2867 1135 2817)
4(1096 2917 1136 2867)
4(1097 2967 1137 2917)
4(1098 3017 1138 2967)
4(1099 3067 1139 3017)
4(1100 3117 1140 3067)
4(1101 3167 1141 3117)
4(1102 3217 1142 3167)
4(1103 3267 1143 3217)
4(1104 3317 1144 3267)
4(1105 3367 1145 3317)
4(1106 3417 1146 3367)
4(1107 3467 1147 3417)
4(1108 3517 1148 3467)
4(1109 3567 1149 3517)
4(1110 3617 1150 3567)
4(1111 3667 1151 3617)
4(1112 3717 1152 3667)
4(1113 3767 1153 3717)
4(1114 3817 1154 3767)
4(1115 3867 1155 3817)
4(1116 3917 1156 3867)
4(1117 3967 1157 3917)
4(1118 4017 1158 3967)
4(1119 4067 1159 4017)
4(1120 2118 1160 2068)
4(1121 2168 1161 2118)
4(1122 2218 1162 2168)
4(1123 2268 1163 2218)
4(1124 2318 1164 2268)
4(1125 2368 1165 2318)
4(1126 2418 1166 2368)
4(1127 2468 1167 2418)
4(1128 2518 1168 2468)
4(1129 2568 1169 2518)
4(1130 2618 1170 2568)
4(1131 2668 1171 2618)
4(1132 2718 1172 2668)
4(1133 2768 1173 2718)
4(1134 2818 1174 2768)
4(1135 2868 1175 2818)
4(1136 2918 1176 2868)
4(1137 2968 1177 2918)
4(1138 3018 1178 2968)
4(1139 3068 1179 3018)
4(1140 3118 1180 3068)
4(1141 3168 1181 3118)
4(1142 3218 1182 3168)
4(1143 3268 1183 3218)
4(1144 3318 1184 3268)
4(1145 3368 1185 3318)
4(1146 3418 1186 3368)
4(1147 3468 1187 3418)
4(1148 3518 1188 3468)
4(1149 3568 1189 3518)
4(1150 3618 1190 3568)
4(1151 3668 1191 3618)
4(1152 3718 1192 3668)
4(1153 3768 1193 3718)
4(1154 3818 1194 3768)
4(1155 3868 1195 3818)
4(1156 3918 1196 3868)
4(1157 3968 1197 3918)
4(1158 4018 1198 3968)
4(1159 4068 1199 4018)
4(1160 2119 1200 2069)
4(1161 2169 1201 2119)
4(1162 2219 1202 2169)
4(1163 2269 1203 2219)
4(1164 2319 1204 2269)
4(1165 2369 1205 2319)
4(1166 2419 1206 2369)
4(1167 2469 1207 2419)
4(1168 2519 1208 2469)
4(1169 2569 1209 2519)
4(1170 2619 1210 2569)
4(1171 2669 1211 2619)
4(1172 2719 1212 2669)
4(1173 2769 1213 2719)
4(1174 2819 1214 2769)
4(1175 2869 1215 2819)
4(1176 2919 1216 2869)
4(1177 2969 1217 2919)
4(1178 3019 1218 2969)
4(1179 3069 1219 3019)
4(1180 3119 1220 3069)
4(1181 3169 1221 3119)
4(1182 3219 1222 3169)
4(1183 3269 1223 3219)
4(1184 3319 1224 3269)
4(1185 3369 1225 3319)
4(1186 3419 1226 3369)
4(1187 3469 1227 3419)
4(1188 3519 1228 3469)
4(1189 3569 1229 3519)
4(1190 3619 1230 3569)
4(1191 3669 1231 3619)
4(1192 3719 1232 3669)
4(1193 3769 1233 3719)
4(1194 3819 1234 3769)
4(1195 3869 1235 3819)
4(1196 3919 1236 3869)
4(1197 3969 1237 3919)
4(1198 4019 1238 3969)
4(1199 4069 1239 4019)
4(1200 2120 1240 2070)
4(1201 2170 1241 2120)
4(1202 2220 1242 2170)
4(1203 2270 1243 2220)
4(1204 2320 1244 2270)
4(1205 2370 1245 2320)
4(1206 2420 1246 2370)
4(1207 2470 1247 2420)
4(1208 2520 1248 2470)
4(1209 2570 1249 2520)
4(1210 2620 1250 2570)
4(1211 2670 1251 2620)
4(1212 2720 1252 2670)
4(1213 2770 1253 2720)
4(1214 2820 1254 2770)
4(1215 2870 1255 2820)
4(1216 2920 1256 2870)
4(1217 2970 1257 2920)
4(1218 3020 1258 2970)
4(1219 3070 1259 3020)
4(1220 3120 1260 3070)
4(1221 3170 1261 3120)
4(1222 3220 1262 3170)
4(1223 3270 1263 3220)
4(1224 3320 1264 3270)
4(1225 3370 1265 3320)
4(1226 3420 1266 3370)
4(1227 3470 1267 3420)
4(1228 3520 1268 3470)
4(1229 3570 1269 3520)
4(1230 3620 1270 3570)
4(1231 3670 1271 3620)
4(1232 3720 1272 3670)
4(1233 3770 1273 3720)
4(1234 3820 1274 3770)
4(1235 3870 1275 3820)
4(1236 3920 1276 3870)
4(1237 3970 1277 3920)
4(1238 4020 1278 3970)
4(1239 4070 1279 4020)
4(1240 2121 1280 2071)
4(1241 2171 1281 2121)
4(1242 2221 1282 2171)
4(1243 2271 1283 2221)
4(1244 2321 1284 2271)
4(1245 2371 1285 2321)
4(1246 2421 1286 2371)
4(1247 2471 1287 2421)
4(1248 2521 1288 2471)
4(1249 2571 1289 2521)
4(1250 2621 1290 2571)
4(1251 2671 1291 2621)
4(1252 2721 1292 2671)
4(1253 2771 1293 2721)
4(1254 2821 1294 2771)
4(1255 2871 1295 2821)
4(1256 2921 1296 2871)
4(1257 2971 1297 2921)
4(1258 3021 1298 2971)
4(1259 3071 1299 3021)
4(1260 3121 1300 3071)
4(1261 3171 1301 3121)
4(1262 3221 1302 3171)
4(1263 3271 1303 3221)
4(1264 3321 1304 3271)
4(1265 3371 1305 3321)
4(1266 3421 1306 3371)
4(1267 3471 1307 3421)
4(1268 3521 1308 3471)
4(1269 3571 1309 3521)
4(1270 3621 1310 3571)
4(1271 3671 1311 3621)
4(1272 3721 1312 3671)
4(1273 3771 1313 3721)
4(1274 3821 1314 3771)
4(1275 3871 1315 3821)
4(1276 3921 1316 3871)
4(1277 3971 1317 3921)
4(1278 4021 1318 3971)
4(1279 4071 1319 4021)
4(1280 2122 1320 2072)
4(1281 2172 1321 2122)
4(1282 2222 1322 2172)
4(1283 2272 1323 2222)
4(1284 2322 1324 2272)
4(1285 2372 1325 2322)
4(1286 2422 1326 2372)
4(1287 2472 1327 2422)
4(1288 2522 1328 2472)
4(1289 2572 1329 2522)
4(1290 2622 1330 2572)
4(1291 2672 1331 2622)
4(1292 2722 1332 2672)
4(1293 2772 1333 2722)
4(1294 2822 1334 2772)
4(1295 2872 1335 2822)
4(1296 2922 1336 2872)
4(1297 2972 1337 2922)
4(1298 3022 1338 2972)
4(1299 3072 1339 3022)
4(1300 3122 1340 3072)
4(1301 3172 1341 3122)
4(1302 3222 1342 3172)
4(1303 3272 1343 3222)
4(1304 3322 1344 3272)
4(1305 3372 1345 3322)
4(1306 3422 1346 3372)
4(1307 3472 1347 3422)
4(1308 3522 1348 3472)
4(1309 3572 1349 3522)
4(1310 3622 1350 3572)
4(1311 3672 1351 3622)
4(1312 3722 1352 3672)
4(1313 3772 1353 3722)
4(1314 3822 1354 3772)
4(1315 3872 1355 3822)
4(1316 3922 1356 3872)
4(1317 3972 1357 3922)
4(1318 4022 1358 3972)
4(1319 4072 1359 4022)
4(1320 2123 1360 2073)
4(1321 2173 1361 2123)
4(1322 2223 1362 2173)
4(1323 2273 1363 2223)
4(1324 2323 1364 2273)
4(1325 2373 1365 2323)
4(1326 2423 1366 2373)
4(1327 2473 1367 2423)
4(1328 2523 1368 2473)
4(1329 2573 1369 2523)
4(1330 2623 1370 2573)
4(1331 2673 1371 2623)
4(1332 2723 1372 2673)
4(1333 2773 1373 2723)
4(1334 2823 1374 2773)
4(1335 2873 1375 2823)
4(1336 2923 1376 2873)
4(1337 2973 1377 2923)
4(1338 3023 1378 2973)
4(1339 3073 1379 3023)
4(1340 3123 1380 3073)
4(1341 3173 1381 3123)
4(1342 3223 1382 3173)
4(1343 3273 1383 3223)
4(1344 3323 1384 3273)
4(1345 3373 1385 3323)
4(1346 3423 1386 3373)
4(1347 3473 1387 3423)
4(1348 3523 1388 3473)
4(1349 3573 1389 3523)
4(1350 3623 1390 3573)
4(1351 3673 1391 3623)
4(1352 3723 1392 3673)
4(1353 3773 1393 3723)
4(1354 3823 1394 3773)
4(1355 3873 1395 3823)
4(1356 3923 1396 3873)
4(1357 3973 1397 3923)
4(1358 4023 1398 3973)
4(1359 4073 1399 4023)
4(1360 2124 1400 2074)
4(1361 2174 1401 2124)
4(1362 2224 1402 2174)
4(1363 2274 1403 2224)
4(1364 2324 1404 2274)
4(1365 2374 1405 2324)
4(1366 2424 1406 2374)
4(1367 2474 1407 2424)
4(1368 2524 1408 2474)
4(1369 2574 1409 2524)
4(1370 2624 1410 2574)
4(1371 2674 1411 2624)
4(1372 2724 1412 2674)
4(1373 2774 1413 2724)
4(1374 2824 1414 2774)
4(1375 2874 1415 2824)
4(1376 2924 1416 2874)
4(1377 2974 1417 2924)
4(1378 3024 1418 2974)
4(1379 3074 1419 3024)
4(1380 3124 1420 3074)
4(1381 3174 1421 3124)
4(1382 3224 1422 3174)
4(1383 3274 1423 3224)
4(1384 3324 1424 3274)
4(1385 3374 1425 3324)
4(1386 3424 1426 3374)
4(1387 3474 1427 3424)
4(1388 3524 1428 3474)
4(1389 3574 1429 3524)
4(1390 3624 1430 3574)
4(1391 3674 1431 3624)
4(1392 3724 1432 3674)
4(1393 3774 1433 3724)
4(1394 3824 1434 3774)
4(1395 3874 1435 3824)
4(1396 3924 1436 3874)
4(1397 3974 1437 3924)
4(1398 4024 1438 3974)
4(1399 4074 1439 4024)
4(1400 2125 1440 2075)
4(1401 2175 1441 2125)
4(1402 2225 1442 2175)
4(1403 2275 1443 2225)
4(1404 2325 1444 2275)
4(1405 2375 1445 2325)
4(1406 2425 1446 2375)
4(1407 2475 1447 2425)
4(1408 2525 1448 2475)
4(1409 2575 1449 2525)
4(1410 2625 1450 2575)
4(1411 2675 1451 2625)
4(1412 2725 1452 2675)
4(1413 2775 1453 2725)
4(1414 2825 1454 2775)
4(1415 2875 1455 2825)
4(1416 2925 1456 2875)
4(1417 2975 1457 2925)
4(1418 3025 1458 2975)
4(1419 3075 1459 3025)
4(1420 3125 1460 3075)
4(1421 3175 1461 3125)
4(1422 3225 1462 3175)
4(1423 3275 1463 3225)
4(1424 3325 1464 3275)
4(1425 3375 1465 3325)
4(1426 3425 1466 3375)
4(1427 3475 1467 3425)
4(1428 3525 1468 3475)
4(1429 3575 1469 3525)
4(1430 3625 1470 3575)
4(1431 3675 1471 3625)
4(1432 3725 1472 3675)
4(1433 3775 1473 3725)
4(1434 3825 1474 3775)
4(1435 3875 1475 3825)
4(1436 3925 1476 3875)
4(1437 3975 1477 3925)
4(1438 4025 1478 3975)
4(1439 4075 1479 4025)
4(1440 2126 1480 2076)
4(1441 2176 1481 2126)
4(1442 2226 1482 2176)
4(1443 2276 1483 2226)
4(1444 2326 1484 2276)
4(1445 2376 1485 2326)
4(1446 2426 1486 2376)
4(1447 2476 1487 2426)
4(1448 2526 1488 2476)
4(1449 2576 1489 2526)
4(1450 2626 1490 2576)
4(1451 2676 1491 2626)
4(1452 2726 1492 2676)
4(1453 2776 1493 2726)
4(1454 2826 1494 2776)
4(1455 2876 1495 2826)
4(1456 2926 1496 2876)
4(1457 2976 1497 2926)
4(1458 3026 1498 2976)
4(1459 3076 1499 3026)
4(1460 3126 1500 3076)
4(1461 3176 1501 3126)
4(1462 3226 1502 3176)
4(1463 3276 1503 3226)
4(1464 3326 1504 3276)
4(1465 3376 1505 3326)
4(1466 3426 1506 3376)
4(1467 3476 1507 3426)
4(1468 3526 1508 3476)
4(1469 3576 1509 3526)
4(1470 3626 1510 3576)
4(1471 3676 1511 3626)
4(1472 3726 1512 3676)
4(1473 3776 1513 3726)
4(1474 3826 1514 3776)
4(1475 3876 1515 3826)
4(1476 3926 1516 3876)
4(1477 3976 1517 3926)
4(1478 4026 1518 3976)
4(1479 4076 1519 4026)
4(1480 2127 1520 2077)
4(1481 2177 1521 2127)
4(1482 2227 1522 2177)
4(1483 2277 1523 2227)
4(1484 2327 1524 2277)
4(1485 2377 1525 2327)
4(1486 2427 1526 2377)
4(1487 2477 1527 2427)
4(1488 2527 1528 2477)
4(1489 2577 1529 2527)
4(1490 2627 1530 2577)
4(1491 2677 1531 2627)
4(1492 2727 1532 2677)
4(1493 2777 1533 2727)
4(1494 2827 1534 2777)
4(1495 2877 1535 2827)
4(1496 2927 1536 2877)
4(1497 2977 1537 2927)
4(1498 3027 1538 2977)
4(1499 3077 1539 3027)
4(1500 3127 1540 3077)
4(1501 3177 1541 3127)
4(1502 3227 1542 3177)
4(1503 3277 1543 3227)
4(1504 3327 1544 3277)
4(1505 3377 1545 3327)
4(1506 3427 1546 3377)
4(1507 3477 1547 3427)
4(1508 3527 1548 3477)
4(1509 3577 1549 3527)
4(1510 3627 1550 3577)
4(1511 3677 1551 3627)
4(1512 3727 1552 3677)
4(1513 3777 1553 3727)
4(1514 3827 1554 3777)
4(1515 3877 1555 3827)
4(1516 3927 1556 3877)
4(1517 3977 1557 3927)
4(1518 4027 1558 3977)
4(1519 4077 1559 4027)
4(1520 2128 1560 2078)
4(1521 2178 1561 2128)
4(1522 2228 1562 2178)
4(1523 2278 1563 2228)
4(1524 2328 1564 2278)
4(1525 2378 1565 2328)
4(1526 2428 1566 2378)
4(1527 2478 1567 2428)
4(1528 2528 1568 2478)
4(1529 2578 1569 2528)
4(1530 2628 1570 2578)
4(1531 2678 1571 2628)
4(1532 2728 1572 2678)
4(1533 2778 1573 2728)
4(1534 2828 1574 2778)
4(1535 2878 1575 2828)
4(1536 2928 1576 2878)
4(1537 2978 1577 2928)
4(1538 3028 1578 2978)
4(1539 3078 1579 3028)
4(1540 3128 1580 3078)
4(1541 3178 1581 3128)
4(1542 3228 1582 3178)
4(1543 3278 1583 3228)
4(1544 3328 1584 3278)
4(1545 3378 1585 3328)
4(1546 3428 1586 3378)
4(1547 3478 1587 3428)
4(1548 3528 1588 3478)
4(1549 3578 1589 3528)
4(1550 3628 1590 3578)
4(1551 3678 1591 3628)
4(1552 3728 1592 3678)
4(1553 3778 1593 3728)
4(1554 3828 1594 3778)
4(1555 3878 1595 3828)
4(1556 3928 1596 3878)
4(1557 3978 1597 3928)
4(1558 4028 1598 3978)
4(1559 4078 1599 4028)
4(1560 2129 1600 2079)
4(1561 2179 1601 2129)
4(1562 2229 1602 2179)
4(1563 2279 1603 2229)
4(1564 2329 1604 2279)
4(1565 2379 1605 2329)
4(1566 2429 1606 2379)
4(1567 2479 1607 2429)
4(1568 2529 1608 2479)
4(1569 2579 1609 2529)
4(1570 2629 1610 2579)
4(1571 2679 1611 2629)
4(1572 2729 1612 2679)
4(1573 2779 1613 2729)
4(1574 2829 1614 2779)
4(1575 2879 1615 2829)
4(1576 2929 1616 2879)
4(1577 2979 1617 2929)
4(1578 3029 1618 2979)
4(1579 3079 1619 3029)
4(1580 3129 1620 3079)
4(1581 3179 1621 3129)
4(1582 3229 1622 3179)
4(1583 3279 1623 3229)
4(1584 3329 1624 3279)
4(1585 3379 1625 3329)
4(1586 3429 1626 3379)
4(1587 3479 1627 3429)
4(1588 3529 1628 3479)
4(1589 3579 1629 3529)
4(1590 3629 1630 3579)
4(1591 3679 1631 3629)
4(1592 3729 1632 3679)
4(1593 3779 1633 3729)
4(1594 3829 1634 3779)
4(1595 3879 1635 3829)
4(1596 3929 1636 3879)
4(1597 3979 1637 3929)
4(1598 4029 1638 3979)
4(1599 4079 1639 4029)
4(1600 2130 1640 2080)
4(1601 2180 1641 2130)
4(1602 2230 1642 2180)
4(1603 2280 1643 2230)
4(1604 2330 1644 2280)
4(1605 2380 1645 2330)
4(1606 2430 1646 2380)
4(1607 2480 1647 2430)
4(1608 2530 1648 2480)
4(1609 2580 1649 2530)
4(1610 2630 1650 2580)
4(1611 2680 1651 2630)
4(1612 2730 1652 2680)
4(1613 2780 1653 2730)
4(1614 2830 1654 2780)
4(1615 2880 1655 2830)
4(1616 2930 1656 2880)
4(1617 2980 1657 2930)
4(1618 3030 1658 2980)
4(1619 3080 1659 3030)
4(1620 3130 1660 3080)
4(1621 3180 1661 3130)
4(1622 3230 1662 3180)
4(1623 3280 1663 3230)
4(1624 3330 1664 3280)
4(1625 3380 1665 3330)
4(1626 3430 1666 3380)
4(1627 3480 1667 3430)
4(1628 3530 1668 3480)
4(1629 3580 1669 3530)
4(1630 3630 1670 3580)
4(1631 3680 1671 3630)
4(1632 3730 1672 3680)
4(1633 3780 1673 3730)
4(1634 3830 1674 3780)
4(1635 3880 1675 3830)
4(1636 3930 1676 3880)
4(1637 3980 1677 3930)
4(1638 4030 1678 3980)
4(1639 4080 1679 4030)
4(1640 2131 1680 2081)
4(1641 2181 1681 2131)
4(1642 2231 1682 2181)
4(1643 2281 1683 2231)
4(1644 2331 1684 2281)
4(1645 2381 1685 2331)
4(1646 2431 1686 2381)
4(1647 2481 1687 2431)
4(1648 2531 1688 2481)
4(1649 2581 1689 2531)
4(1650 2631 1690 2581)
4(1651 2681 1691 2631)
4(1652 2731 1692 2681)
4(1653 2781 1693 2731)
4(1654 2831 1694 2781)
4(1655 2881 1695 2831)
4(1656 2931 1696 2881)
4(1657 2981 1697 2931)
4(1658 3031 1698 2981)
4(1659 3081 1699 3031)
4(1660 3131 1700 3081)
4(1661 3181 1701 3131)
4(1662 3231 1702 3181)
4(1663 3281 1703 3231)
4(1664 3331 1704 3281)
4(1665 3381 1705 3331)
4(1666 3431 1706 3381)
4(1667 3481 1707 3431)
4(1668 3531 1708 3481)
4(1669 3581 1709 3531)
4(1670 3631 1710 3581)
4(1671 3681 1711 3631)
4(1672 3731 1712 3681)
4(1673 3781 1713 3731)
4(1674 3831 1714 3781)
4(1675 3881 1715 3831)
4(1676 3931 1716 3881)
4(1677 3981 1717 3931)
4(1678 4031 1718 3981)
4(1679 4081 1719 4031)
4(1680 2132 1720 2082)
4(1681 2182 1721 2132)
4(1682 2232 1722 2182)
4(1683 2282 1723 2232)
4(1684 2332 1724 2282)
4(1685 2382 1725 2332)
4(1686 2432 1726 2382)
4(1687 2482 1727 2432)
4(1688 2532 1728 2482)
4(1689 2582 1729 2532)
4(1690 2632 1730 2582)
4(1691 2682 1731 2632)
4(1692 2732 1732 2682)
4(1693 2782 1733 2732)
4(1694 2832 1734 2782)
4(1695 2882 1735 2832)
4(1696 2932 1736 2882)
4(1697 2982 1737 2932)
4(1698 3032 1738 2982)
4(1699 3082 1739 3032)
4(1700 3132 1740 3082)
4(1701 3182 1741 3132)
4(1702 3232 1742 3182)
4(1703 3282 1743 3232)
4(1704 3332 1744 3282)
4(1705 3382 1745 3332)
4(1706 3432 1746 3382)
4(1707 3482 1747 3432)
4(1708 3532 1748 3482)
4(1709 3582 1749 3532)
4(1710 3632 1750 3582)
4(1711 3682 1751 3632)
4(1712 3732 1752 3682)
4(1713 3782 1753 3732)
4(1714 3832 1754 3782)
4(1715 3882 1755 3832)
4(1716 3932 1756 3882)
4(1717 3982 1757 3932)
4(1718 4032 1758 3982)
4(1719 4082 1759 4032)
4(1720 2133 1760 2083)
4(1721 2183 1761 2133)
4(1722 2233 1762 2183)
4(1723 2283 1763 2233)
4(1724 2333 1764 2283)
4(1725 2383 1765 2333)
4(1726 2433 1766 2383)
4(1727 2483 1767 2433)
4(1728 2533 1768 2483)
4(1729 2583 1769 2533)
4(1730 2633 1770 2583)
4(1731 2683 1771 2633)
4(1732 2733 1772 2683)
4(1733 2783 1773 2733)
4(1734 2833 1774 2783)
4(1735 2883 1775 2833)
4(1736 2933 1776 2883)
4(1737 2983 1777 2933)
4(1738 3033 1778 2983)
4(1739 3083 1779 3033)
4(1740 3133 1780 3083)
4(1741 3183 1781 3133)
4(1742 3233 1782 3183)
4(1743 3283 1783 3233)
4(1744 3333 1784 3283)
4(1745 3383 1785 3333)
4(1746 3433 1786 3383)
4(1747 3483 1787 3433)
4(1748 3533 1788 3483)
4(1749 3583 1789 3533)
4(1750 3633 1790 3583)
4(1751 3683 1791 3633)
4(1752 3733 1792 3683)
4(1753 3783 1793 3733)
4(1754 3833 1794 3783)
4(1755 3883 1795 3833)
4(1756 3933 1796 3883)
4(1757 3983 1797 3933)
4(1758 4033 1798 3983)
4(1759 4083 1799 4033)
4(1760 2134 1800 2084)
4(1761 2184 1801 2134)
4(1762 2234 1802 2184)
4(1763 2284 1803 2234)
4(1764 2334 1804 2284)
4(1765 2384 1805 2334)
4(1766 2434 1806 2384)
4(1767 2484 1807 2434)
4(1768 2534 1808 2484)
4(1769 2584 1809 2534)
4(1770 2634 1810 2584)
4(1771 2684 1811 2634)
4(1772 2734 1812 2684)
4(1773 2784 1813 2734)
4(1774 2834 1814 2784)
4(1775 2884 1815 2834)
4(1776 2934 1816 2884)
4(1777 2984 1817 2934)
4(1778 3034 1818 2984)
4(1779 3084 1819 3034)
4(1780 3134 1820 3084)
4(1781 3184 1821 3134)
4(1782 3234 1822 3184)
4(1783 3284 1823 3234)
4(1784 3334 1824 3284)
4(1785 3384 1825 3334)
4(1786 3434 1826 3384)
4(1787 3484 1827 3434)
4(1788 3534 1828 3484)
4(1789 3584 1829 3534)
4(1790 3634 1830 3584)
4(1791 3684 1831 3634)
4(1792 3734 1832 3684)
4(1793 3784 1833 3734)
4(1794 3834 1834 3784)
4(1795 3884 1835 3834)
4(1796 3934 1836 3884)
4(1797 3984 1837 3934)
4(1798 4034 1838 3984)
4(1799 4084 1839 4034)
4(1800 2135 1840 2085)
4(1801 2185 1841 2135)
4(1802 2235 1842 2185)
4(1803 2285 1843 2235)
4(1804 2335 1844 2285)
4(1805 2385 1845 2335)
4(1806 2435 1846 2385)
4(1807 2485 1847 2435)
4(1808 2535 1848 2485)
4(1809 2585 1849 2535)
4(1810 2635 1850 2585)
4(1811 2685 1851 2635)
4(1812 2735 1852 2685)
4(1813 2785 1853 2735)
4(1814 2835 1854 2785)
4(1815 2885 1855 2835)
4(1816 2935 1856 2885)
4(1817 2985 1857 2935)
4(1818 3035 1858 2985)
4(1819 3085 1859 3035)
4(1820 3135 1860 3085)
4(1821 3185 1861 3135)
4(1822 3235 1862 3185)
4(1823 3285 1863 3235)
4(1824 3335 1864 3285)
4(1825 3385 1865 3335)
4(1826 3435 1866 3385)
4(1827 3485 1867 3435)
4(1828 3535 1868 3485)
4(1829 3585 1869 3535)
4(1830 3635 1870 3585)
4(1831 3685 1871 3635)
4(1832 3735 1872 3685)
4(1833 3785 1873 3735)
4(1834 3835 1874 3785)
4(1835 3885 1875 3835)
4(1836 3935 1876 3885)
4(1837 3985 1877 3935)
4(1838 4035 1878 3985)
4(1839 4085 1879 4035)
4(1840 2136 1880 2086)
4(1841 2186 1881 2136)
4(1842 2236 1882 2186)
4(1843 2286 1883 2236)
4(1844 2336 1884 2286)
4(1845 2386 1885 2336)
4(1846 2436 1886 2386)
4(1847 2486 1887 2436)
4(1848 2536 1888 2486)
4(1849 2586 1889 2536)
4(1850 2636 1890 2586)
4(1851 2686 1891 2636)
4(1852 2736 1892 2686)
4(1853 2786 1893 2736)
4(1854 2836 1894 2786)
4(1855 2886 1895 2836)
4(1856 2936 1896 2886)
4(1857 2986 1897 2936)
4(1858 3036 1898 2986)
4(1859 3086 1899 3036)
4(1860 3136 1900 3086)
4(1861 3186 1901 3136)
4(1862 3236 1902 3186)
4(1863 3286 1903 3236)
4(1864 3336 1904 3286)
4(1865 3386 1905 3336)
4(1866 3436 1906 3386)
4(1867 3486 1907 3436)
4(1868 3536 1908 3486)
4(1869 3586 1909 3536)
4(1870 3636 1910 3586)
4(1871 3686 1911 3636)
4(1872 3736 1912 3686)
4(1873 3786 1913 3736)
4(1874 3836 1914 3786)
4(1875 3886 1915 3836)
4(1876 3936 1916 3886)
4(1877 3986 1917 3936)
4(1878 4036 1918 3986)
4(1879 4086 1919 4036)
4(1880 2137 1920 2087)
4(1881 2187 1921 2137)
4(1882 2237 1922 2187)
4(1883 2287 1923 2237)
4(1884 2337 1924 2287)
4(1885 2387 1925 2337)
4(1886 2437 1926 2387)
4(1887 2487 1927 2437)
4(1888 2537 1928 2487)
4(1889 2587 1929 2537)
4(1890 2637 1930 2587)
4(1891 2687 1931 2637)
4(1892 2737 1932 2687)
4(1893 2787 1933 2737)
4(1894 2837 1934 2787)
4(1895 2887 1935 2837)
4(1896 2937 1936 2887)
4(1897 2987 1937 2937)
4(1898 3037 1938 2987)
4(1899 3087 1939 3037)
4(1900 3137 1940 3087)
4(1901 3187 1941 3137)
4(1902 3237 1942 3187)
4(1903 3287 1943 3237)
4(1904 3337 1944 3287)
4(1905 3387 1945 3337)
4(1906 3437 1946 3387)
4(1907 3487 1947 3437)
4(1908 3537 1948 3487)
4(1909 3587 1949 3537)
4(1910 3637 1950 3587)
4(1911 3687 1951 3637)
4(1912 3737 1952 3687)
4(1913 3787 1953 3737)
4(1914 3837 1954 3787)
4(1915 3887 1955 3837)
4(1916 3937 1956 3887)
4(1917 3987 1957 3937)
4(1918 4037 1958 3987)
4(1919 4087 1959 4037)
4(1920 2138 1960 2088)
4(1921 2188 1961 2138)
4(1922 2238 1962 2188)
4(1923 2288 1963 2238)
4(1924 2338 1964 2288)
4(1925 2388 1965 2338)
4(1926 2438 1966 2388)
4(1927 2488 1967 2438)
4(1928 2538 1968 2488)
4(1929 2588 1969 2538)
4(1930 2638 1970 2588)
4(1931 2688 1971 2638)
4(1932 2738 1972 2688)
4(1933 2788 1973 2738)
4(1934 2838 1974 2788)
4(1935 2888 1975 2838)
4(1936 2938 1976 2888)
4(1937 2988 1977 2938)
4(1938 3038 1978 2988)
4(1939 3088 1979 3038)
4(1940 3138 1980 3088)
4(1941 3188 1981 3138)
4(1942 3238 1982 3188)
4(1943 3288 1983 3238)
4(1944 3338 1984 3288)
4(1945 3388 1985 3338)
4(1946 3438 1986 3388)
4(1947 3488 1987 3438)
4(1948 3538 1988 3488)
4(1949 3588 1989 3538)
4(1950 3638 1990 3588)
4(1951 3688 1991 3638)
4(1952 3738 1992 3688)
4(1953 3788 1993 3738)
4(1954 3838 1994 3788)
4(1955 3888 1995 3838)
4(1956 3938 1996 3888)
4(1957 3988 1997 3938)
4(1958 4038 1998 3988)
4(1959 4088 1999 4038)
4(1960 2139 2000 2089)
4(1961 2189 2001 2139)
4(1962 2239 2002 2189)
4(1963 2289 2003 2239)
4(1964 2339 2004 2289)
4(1965 2389 2005 2339)
4(1966 2439 2006 2389)
4(1967 2489 2007 2439)
4(1968 2539 2008 2489)
4(1969 2589 2009 2539)
4(1970 2639 2010 2589)
4(1971 2689 2011 2639)
4(1972 2739 2012 2689)
4(1973 2789 2013 2739)
4(1974 2839 2014 2789)
4(1975 2889 2015 2839)
4(1976 2939 2016 2889)
4(1977 2989 2017 2939)
4(1978 3039 2018 2989)
4(1979 3089 2019 3039)
4(1980 3139 2020 3089)
4(1981 3189 2021 3139)
4(1982 3239 2022 3189)
4(1983 3289 2023 3239)
4(1984 3339 2024 3289)
4(1985 3389 2025 3339)
4(1986 3439 2026 3389)
4(1987 3489 2027 3439)
4(1988 3539 2028 3489)
4(1989 3589 2029 3539)
4(1990 3639 2030 3589)
4(1991 3689 2031 3639)
4(1992 3739 2032 3689)
4(1993 3789 2033 3739)
4(1994 3839 2034 3789)
4(1995 3889 2035 3839)
4(1996 3939 2036 3889)
4(1997 3989 2037 3939)
4(1998 4039 2038 3989)
4(1999 4089 2039 4039)
)
