2091
(
(0 0)
(0.0025 0)
(0.005 0)
(0.0075 0)
(0.01 0)
(0.0125 0)
(0.015 0)
(0.0175 0)
(0.02 0)
(0.0225 0)
(0.025 0)
(0.0275 0)
(0.03 0)
(0.0325 0)
(0.035 0)
(0.0375 0)
(0.04 0)
(0.0425 0)
(0.045 0)
(0.0475 0)
(0.05 0)
(0.0525 0)
(0.055 0)
(0.0575 0)
(0.06 0)
(0.0625 0)
(0.065 0)
(0.0675 0)
(0.07 0)
(0.0725 0)
(0.075 0)
(0.0775 0)
(0.08 0)
(0.0825 0)
(0.085 0)
(0.0875 0)
(0.09 0)
(0.0925 0)
(0.095 0)
(0.0975 0)
(0.1 0)
(0 0.002)
(0.0025 0.002)
(0.005 0.002)
(0.0075 0.002)
(0.01 0.002)
(0.0125 0.002)
(0.015 0.002)
(0.0175 0.002)
(0.02 0.002)
(0.0225 0.002)
(0.025 0.002)
(0.0275 0.002)
(0.03 0.002)
(0.0325 0.002)
(0.035 0.002)
(0.0375 0.002)
(0.04 0.002)
(0.0425 0.002)
(0.045 0.002)
(0.0475 0.002)
(0.05 0.002)
(0.0525 0.002)
(0.055 0.002)
(0.0575 0.002)
(0.06 0.002)
(0.0625 0.002)
(0.065 0.002)
(0.0675 0.002)
(0.07 0.002)
(0.0725 0.002)
(0.075 0.002)
(0.0775 0.002)
(0.08 0.002)
(0.0825 0.002)
(0.085 0.002)
(0.0875 0.002)
(0.09 0.002)
(0.0925 0.002)
(0.095 0.002)
(0.0975 0.002)
(0.1 0.002)
(0 0.004)
(0.0025 0.004)
(0.005 0.004)
(0.0075 0.004)
(0.01 0.004)
(0.0125 0.004)
(0.015 0.004)
(0.0175 0.004)
(0.02 0.004)
(0.0225 0.004)
(0.025 0.004)
(0.0275 0.004)
(0.03 0.004)
(0.0325 0.004)
(0.035 0.004)
(0.0375 0.004)
(0.04 0.004)
(0.0425 0.004)
(0.045 0.004)
(0.0475 0.004)
(0.05 0.004)
(0.0525 0.004)
(0.055 0.004)
(0.0575 0.004)
(0.06 0.004)
(0.0625 0.004)
(0.065 0.004)
(0.0675 0.004)
(0.07 0.004)
(0.0725 0.004)
(0.075 0.004)
(0.0775 0.004)
(0.08 0.004)
(0.0825 0.004)
(0.085 0.004)
(0.0875 0.004)
(0.09 0.004)
(0.0925 0.004)
(0.095 0.004)
(0.0975 0.004)
(0.1 0.004)
(0 0.006)
(0.0025 0.006)
(0.005 0.006)
(0.0075 0.006)
(0.01 0.006)
(0.0125 0.006)
(0.015 0.006)
(0.0175 0.006)
(0.02 0.006)
(0.0225 0.006)
(0.025 0.006)
(0.0275 0.006)
(0.03 0.006)
(0.0325 0.006)
(0.035 0.006)
(0.0375 0.006)
(0.04 0.006)
(0.0425 0.006)
(0.045 0.006)
(0.0475 0.006)
(0.05 0.006)
(0.0525 0.006)
(0.055 0.006)
(0.0575 0.006)
(0.06 0.006)
(0.0625 0.006)
(0.065 0.006)
(0.0675 0.006)
(0.07 0.006)
(0.0725 0.006)
(0.075 0.006)
(0.0775 0.006)
(0.08 0.006)
(0.0825 0.006)
(0.085 0.006)
(0.0875 0.006)
(0.09 0.006)
(0.0925 0.006)
(0.095 0.006)
(0.0975 0.006)
(0.1 0.006)
(0 0.008)
(0.0025 0.008)
(0.005 0.008)
(0.0075 0.008)
(0.01 0.008)
(0.0125 0.008)
(0.015 0.008)
(0.0175 0.008)
(0.02 0.008)
(0.0225 0.008)
(0.025 0.008)
(0.0275 0.008)
(0.03 0.008)
(0.0325 0.008)
(0.035 0.008)
(0.0375 0.008)
(0.04 0.008)
(0.0425 0.008)
(0.045 0.008)
(0.0475 0.008)
(0.05 0.008)
(0.0525 0.008)
(0.055 0.008)
(0.0575 0.008)
(0.06 0.008)
(0.0625 0.008)
(0.065 0.008)
(0.0675 0.008)
(0.07 0.008)
(0.0725 0.008)
(0.075 0.008)
(0.0775 0.008)
(0.08 0.008)
(0.0825 0.008)
(0.085 0.008)
(0.0875 0.008)
(0.09 0.008)
(0.0925 0.008)
(0.095 0.008)
(0.0975 0.008)
(0.1 0.008)
(0 0.01)
(0.0025 0.01)
(0.005 0.01)
(0.0075 0.01)
(0.01 0.01)
(0.0125 0.01)
(0.015 0.01)
(0.0175 0.01)
(0.02 0.01)
(0.0225 0.01)
(0.025 0.01)
(0.0275 0.01)
(0.03 0.01)
(0.0325 0.01)
(0.035 0.01)
(0.0375 0.01)
(0.04 0.01)
(0.0425 0.01)
(0.045 0.01)
(0.0475 0.01)
(0.05 0.01)
(0.0525 0.01)
(0.055 0.01)
(0.0575 0.01)
(0.06 0.01)
(0.0625 0.01)
(0.065 0.01)
(0.0675 0.01)
(0.07 0.01)
(0.0725 0.01)
(0.075 0.01)
(0.0775 0.01)
(0.08 0.01)
(0.0825 0.01)
(0.085 0.01)
(0.0875 0.01)
(0.09 0.01)
(0.0925 0.01)
(0.095 0.01)
(0.0975 0.01)
(0.1 0.01)
(0 0.012)
(0.0025 0.012)
(0.005 0.012)
(0.0075 0.012)
(0.01 0.012)
(0.0125 0.012)
(0.015 0.012)
(0.0175 0.012)
(0.02 0.012)
(0.0225 0.012)
(0.025 0.012)
(0.0275 0.012)
(0.03 0.012)
(0.0325 0.012)
(0.035 0.012)
(0.0375 0.012)
(0.04 0.012)
(0.0425 0.012)
(0.045 0.012)
(0.0475 0.012)
(0.05 0.012)
(0.0525 0.012)
(0.055 0.012)
(0.0575 0.012)
(0.06 0.012)
(0.0625 0.012)
(0.065 0.012)
(0.0675 0.012)
(0.07 0.012)
(0.0725 0.012)
(0.075 0.012)
(0.0775 0.012)
(0.08 0.012)
(0.0825 0.012)
(0.085 0.012)
(0.0875 0.012)
(0.09 0.012)
(0.0925 0.012)
(0.095 0.012)
(0.0975 0.012)
(0.1 0.012)
(0 0.014)
(0.0025 0.014)
(0.005 0.014)
(0.0075 0.014)
(0.01 0.014)
(0.0125 0.014)
(0.015 0.014)
(0.0175 0.014)
(0.02 0.014)
(0.0225 0.014)
(0.025 0.014)
(0.0275 0.014)
(0.03 0.014)
(0.0325 0.014)
(0.035 0.014)
(0.0375 0.014)
(0.04 0.014)
(0.0425 0.014)
(0.045 0.014)
(0.0475 0.014)
(0.05 0.014)
(0.0525 0.014)
(0.055 0.014)
(0.0575 0.014)
(0.06 0.014)
(0.0625 0.014)
(0.065 0.014)
(0.0675 0.014)
(0.07 0.014)
(0.0725 0.014)
(0.075 0.014)
(0.0775 0.014)
(0.08 0.014)
(0.0825 0.014)
(0.085 0.014)
(0.0875 0.014)
(0.09 0.014)
(0.0925 0.014)
(0.095 0.014)
(0.0975 0.014)
(0.1 0.014)
(0 0.016)
(0.0025 0.016)
(0.005 0.016)
(0.0075 0.016)
(0.01 0.016)
(0.0125 0.016)
(0.015 0.016)
(0.0175 0.016)
(0.02 0.016)
(0.0225 0.016)
(0.025 0.016)
(0.0275 0.016)
(0.03 0.016)
(0.0325 0.016)
(0.035 0.016)
(0.0375 0.016)
(0.04 0.016)
(0.0425 0.016)
(0.045 0.016)
(0.0475 0.016)
(0.05 0.016)
(0.0525 0.016)
(0.055 0.016)
(0.0575 0.016)
(0.06 0.016)
(0.0625 0.016)
(0.065 0.016)
(0.0675 0.016)
(0.07 0.016)
(0.0725 0.016)
(0.075 0.016)
(0.0775 0.016)
(0.08 0.016)
(0.0825 0.016)
(0.085 0.016)
(0.0875 0.016)
(0.09 0.016)
(0.0925 0.016)
(0.095 0.016)
(0.0975 0.016)
(0.1 0.016)
(0 0.018)
(0.0025 0.018)
(0.005 0.018)
(0.0075 0.018)
(0.01 0.018)
(0.0125 0.018)
(0.015 0.018)
(0.0175 0.018)
(0.02 0.018)
(0.0225 0.018)
(0.025 0.018)
(0.0275 0.018)
(0.03 0.018)
(0.0325 0.018)
(0.035 0.018)
(0.0375 0.018)
(0.04 0.018)
(0.0425 0.018)
(0.045 0.018)
(0.0475 0.018)
(0.05 0.018)
(0.0525 0.018)
(0.055 0.018)
(0.0575 0.018)
(0.06 0.018)
(0.0625 0.018)
(0.065 0.018)
(0.0675 0.018)
(0.07 0.018)
(0.0725 0.018)
(0.075 0.018)
(0.0775 0.018)
(0.08 0.018)
(0.0825 0.018)
(0.085 0.018)
(0.0875 0.018)
(0.09 0.018)
(0.0925 0.018)
(0.095 0.018)
(0.0975 0.018)
(0.1 0.018)
(0 0.02)
(0.0025 0.02)
(0.005 0.02)
(0.0075 0.02)
(0.01 0.02)
(0.0125 0.02)
(0.015 0.02)
(0.0175 0.02)
(0.02 0.02)
(0.0225 0.02)
(0.025 0.02)
(0.0275 0.02)
(0.03 0.02)
(0.0325 0.02)
(0.035 0.02)
(0.0375 0.02)
(0.04 0.02)
(0.0425 0.02)
(0.045 0.02)
(0.0475 0.02)
(0.05 0.02)
(0.0525 0.02)
(0.055 0.02)
(0.0575 0.02)
(0.06 0.02)
(0.0625 0.02)
(0.065 0.02)
(0.0675 0.02)
(0.07 0.02)
(0.0725 0.02)
(0.075 0.02)
(0.0775 0.02)
(0.08 0.02)
(0.0825 0.02)
(0.085 0.02)
(0.0875 0.02)
(0.09 0.02)
(0.0925 0.02)
(0.095 0.02)
(0.0975 0.02)
(0.1 0.02)
(0 0.022)
(0.0025 0.022)
(0.005 0.022)
(0.0075 0.022)
(0.01 0.022)
(0.0125 0.022)
(0.015 0.022)
(0.0175 0.022)
(0.02 0.022)
(0.0225 0.022)
(0.025 0.022)
(0.0275 0.022)
(0.03 0.022)
(0.0325 0.022)
(0.035 0.022)
(0.0375 0.022)
(0.04 0.022)
(0.0425 0.022)
(0.045 0.022)
(0.0475 0.022)
(0.05 0.022)
(0.0525 0.022)
(0.055 0.022)
(0.0575 0.022)
(0.06 0.022)
(0.0625 0.022)
(0.065 0.022)
(0.0675 0.022)
(0.07 0.022)
(0.0725 0.022)
(0.075 0.022)
(0.0775 0.022)
(0.08 0.022)
(0.0825 0.022)
(0.085 0.022)
(0.0875 0.022)
(0.09 0.022)
(0.0925 0.022)
(0.095 0.022)
(0.0975 0.022)
(0.1 0.022)
(0 0.024)
(0.0025 0.024)
(0.005 0.024)
(0.0075 0.024)
(0.01 0.024)
(0.0125 0.024)
(0.015 0.024)
(0.0175 0.024)
(0.02 0.024)
(0.0225 0.024)
(0.025 0.024)
(0.0275 0.024)
(0.03 0.024)
(0.0325 0.024)
(0.035 0.024)
(0.0375 0.024)
(0.04 0.024)
(0.0425 0.024)
(0.045 0.024)
(0.0475 0.024)
(0.05 0.024)
(0.0525 0.024)
(0.055 0.024)
(0.0575 0.024)
(0.06 0.024)
(0.0625 0.024)
(0.065 0.024)
(0.0675 0.024)
(0.07 0.024)
(0.0725 0.024)
(0.075 0.024)
(0.0775 0.024)
(0.08 0.024)
(0.0825 0.024)
(0.085 0.024)
(0.0875 0.024)
(0.09 0.024)
(0.0925 0.024)
(0.095 0.024)
(0.0975 0.024)
(0.1 0.024)
(0 0.026)
(0.0025 0.026)
(0.005 0.026)
(0.0075 0.026)
(0.01 0.026)
(0.0125 0.026)
(0.015 0.026)
(0.0175 0.026)
(0.02 0.026)
(0.0225 0.026)
(0.025 0.026)
(0.0275 0.026)
(0.03 0.026)
(0.0325 0.026)
(0.035 0.026)
(0.0375 0.026)
(0.04 0.026)
(0.0425 0.026)
(0.045 0.026)
(0.0475 0.026)
(0.05 0.026)
(0.0525 0.026)
(0.055 0.026)
(0.0575 0.026)
(0.06 0.026)
(0.0625 0.026)
(0.065 0.026)
(0.0675 0.026)
(0.07 0.026)
(0.0725 0.026)
(0.075 0.026)
(0.0775 0.026)
(0.08 0.026)
(0.0825 0.026)
(0.085 0.026)
(0.0875 0.026)
(0.09 0.026)
(0.0925 0.026)
(0.095 0.026)
(0.0975 0.026)
(0.1 0.026)
(0 0.028)
(0.0025 0.028)
(0.005 0.028)
(0.0075 0.028)
(0.01 0.028)
(0.0125 0.028)
(0.015 0.028)
(0.0175 0.028)
(0.02 0.028)
(0.0225 0.028)
(0.025 0.028)
(0.0275 0.028)
(0.03 0.028)
(0.0325 0.028)
(0.035 0.028)
(0.0375 0.028)
(0.04 0.028)
(0.0425 0.028)
(0.045 0.028)
(0.0475 0.028)
(0.05 0.028)
(0.0525 0.028)
(0.055 0.028)
(0.0575 0.028)
(0.06 0.028)
(0.0625 0.028)
(0.065 0.028)
(0.0675 0.028)
(0.07 0.028)
(0.0725 0.028)
(0.075 0.028)
(0.0775 0.028)
(0.08 0.028)
(0.0825 0.028)
(0.085 0.028)
(0.0875 0.028)
(0.09 0.028)
(0.0925 0.028)
(0.095 0.028)
(0.0975 0.028)
(0.1 0.028)
(0 0.03)
(0.0025 0.03)
(0.005 0.03)
(0.0075 0.03)
(0.01 0.03)
(0.0125 0.03)
(0.015 0.03)
(0.0175 0.03)
(0.02 0.03)
(0.0225 0.03)
(0.025 0.03)
(0.0275 0.03)
(0.03 0.03)
(0.0325 0.03)
(0.035 0.03)
(0.0375 0.03)
(0.04 0.03)
(0.0425 0.03)
(0.045 0.03)
(0.0475 0.03)
(0.05 0.03)
(0.0525 0.03)
(0.055 0.03)
(0.0575 0.03)
(0.06 0.03)
(0.0625 0.03)
(0.065 0.03)
(0.0675 0.03)
(0.07 0.03)
(0.0725 0.03)
(0.075 0.03)
(0.0775 0.03)
(0.08 0.03)
(0.0825 0.03)
(0.085 0.03)
(0.0875 0.03)
(0.09 0.03)
(0.0925 0.03)
(0.095 0.03)
(0.0975 0.03)
(0.1 0.03)
(0 0.032)
(0.0025 0.032)
(0.005 0.032)
(0.0075 0.032)
(0.01 0.032)
(0.0125 0.032)
(0.015 0.032)
(0.0175 0.032)
(0.02 0.032)
(0.0225 0.032)
(0.025 0.032)
(0.0275 0.032)
(0.03 0.032)
(0.0325 0.032)
(0.035 0.032)
(0.0375 0.032)
(0.04 0.032)
(0.0425 0.032)
(0.045 0.032)
(0.0475 0.032)
(0.05 0.032)
(0.0525 0.032)
(0.055 0.032)
(0.0575 0.032)
(0.06 0.032)
(0.0625 0.032)
(0.065 0.032)
(0.0675 0.032)
(0.07 0.032)
(0.0725 0.032)
(0.075 0.032)
(0.0775 0.032)
(0.08 0.032)
(0.0825 0.032)
(0.085 0.032)
(0.0875 0.032)
(0.09 0.032)
(0.0925 0.032)
(0.095 0.032)
(0.0975 0.032)
(0.1 0.032)
(0 0.034)
(0.0025 0.034)
(0.005 0.034)
(0.0075 0.034)
(0.01 0.034)
(0.0125 0.034)
(0.015 0.034)
(0.0175 0.034)
(0.02 0.034)
(0.0225 0.034)
(0.025 0.034)
(0.0275 0.034)
(0.03 0.034)
(0.0325 0.034)
(0.035 0.034)
(0.0375 0.034)
(0.04 0.034)
(0.0425 0.034)
(0.045 0.034)
(0.0475 0.034)
(0.05 0.034)
(0.0525 0.034)
(0.055 0.034)
(0.0575 0.034)
(0.06 0.034)
(0.0625 0.034)
(0.065 0.034)
(0.0675 0.034)
(0.07 0.034)
(0.0725 0.034)
(0.075 0.034)
(0.0775 0.034)
(0.08 0.034)
(0.0825 0.034)
(0.085 0.034)
(0.0875 0.034)
(0.09 0.034)
(0.0925 0.034)
(0.095 0.034)
(0.0975 0.034)
(0.1 0.034)
(0 0.036)
(0.0025 0.036)
(0.005 0.036)
(0.0075 0.036)
(0.01 0.036)
(0.0125 0.036)
(0.015 0.036)
(0.0175 0.036)
(0.02 0.036)
(0.0225 0.036)
(0.025 0.036)
(0.0275 0.036)
(0.03 0.036)
(0.0325 0.036)
(0.035 0.036)
(0.0375 0.036)
(0.04 0.036)
(0.0425 0.036)
(0.045 0.036)
(0.0475 0.036)
(0.05 0.036)
(0.0525 0.036)
(0.055 0.036)
(0.0575 0.036)
(0.06 0.036)
(0.0625 0.036)
(0.065 0.036)
(0.0675 0.036)
(0.07 0.036)
(0.0725 0.036)
(0.075 0.036)
(0.0775 0.036)
(0.08 0.036)
(0.0825 0.036)
(0.085 0.036)
(0.0875 0.036)
(0.09 0.036)
(0.0925 0.036)
(0.095 0.036)
(0.0975 0.036)
(0.1 0.036)
(0 0.038)
(0.0025 0.038)
(0.005 0.038)
(0.0075 0.038)
(0.01 0.038)
(0.0125 0.038)
(0.015 0.038)
(0.0175 0.038)
(0.02 0.038)
(0.0225 0.038)
(0.025 0.038)
(0.0275 0.038)
(0.03 0.038)
(0.0325 0.038)
(0.035 0.038)
(0.0375 0.038)
(0.04 0.038)
(0.0425 0.038)
(0.045 0.038)
(0.0475 0.038)
(0.05 0.038)
(0.0525 0.038)
(0.055 0.038)
(0.0575 0.038)
(0.06 0.038)
(0.0625 0.038)
(0.065 0.038)
(0.0675 0.038)
(0.07 0.038)
(0.0725 0.038)
(0.075 0.038)
(0.0775 0.038)
(0.08 0.038)
(0.0825 0.038)
(0.085 0.038)
(0.0875 0.038)
(0.09 0.038)
(0.0925 0.038)
(0.095 0.038)
(0.0975 0.038)
(0.1 0.038)
(0 0.04)
(0.0025 0.04)
(0.005 0.04)
(0.0075 0.04)
(0.01 0.04)
(0.0125 0.04)
(0.015 0.04)
(0.0175 0.04)
(0.02 0.04)
(0.0225 0.04)
(0.025 0.04)
(0.0275 0.04)
(0.03 0.04)
(0.0325 0.04)
(0.035 0.04)
(0.0375 0.04)
(0.04 0.04)
(0.0425 0.04)
(0.045 0.04)
(0.0475 0.04)
(0.05 0.04)
(0.0525 0.04)
(0.055 0.04)
(0.0575 0.04)
(0.06 0.04)
(0.0625 0.04)
(0.065 0.04)
(0.0675 0.04)
(0.07 0.04)
(0.0725 0.04)
(0.075 0.04)
(0.0775 0.04)
(0.08 0.04)
(0.0825 0.04)
(0.085 0.04)
(0.0875 0.04)
(0.09 0.04)
(0.0925 0.04)
(0.095 0.04)
(0.0975 0.04)
(0.1 0.04)
(0 0.042)
(0.0025 0.042)
(0.005 0.042)
(0.0075 0.042)
(0.01 0.042)
(0.0125 0.042)
(0.015 0.042)
(0.0175 0.042)
(0.02 0.042)
(0.0225 0.042)
(0.025 0.042)
(0.0275 0.042)
(0.03 0.042)
(0.0325 0.042)
(0.035 0.042)
(0.0375 0.042)
(0.04 0.042)
(0.0425 0.042)
(0.045 0.042)
(0.0475 0.042)
(0.05 0.042)
(0.0525 0.042)
(0.055 0.042)
(0.0575 0.042)
(0.06 0.042)
(0.0625 0.042)
(0.065 0.042)
(0.0675 0.042)
(0.07 0.042)
(0.0725 0.042)
(0.075 0.042)
(0.0775 0.042)
(0.08 0.042)
(0.0825 0.042)
(0.085 0.042)
(0.0875 0.042)
(0.09 0.042)
(0.0925 0.042)
(0.095 0.042)
(0.0975 0.042)
(0.1 0.042)
(0 0.044)
(0.0025 0.044)
(0.005 0.044)
(0.0075 0.044)
(0.01 0.044)
(0.0125 0.044)
(0.015 0.044)
(0.0175 0.044)
(0.02 0.044)
(0.0225 0.044)
(0.025 0.044)
(0.0275 0.044)
(0.03 0.044)
(0.0325 0.044)
(0.035 0.044)
(0.0375 0.044)
(0.04 0.044)
(0.0425 0.044)
(0.045 0.044)
(0.0475 0.044)
(0.05 0.044)
(0.0525 0.044)
(0.055 0.044)
(0.0575 0.044)
(0.06 0.044)
(0.0625 0.044)
(0.065 0.044)
(0.0675 0.044)
(0.07 0.044)
(0.0725 0.044)
(0.075 0.044)
(0.0775 0.044)
(0.08 0.044)
(0.0825 0.044)
(0.085 0.044)
(0.0875 0.044)
(0.09 0.044)
(0.0925 0.044)
(0.095 0.044)
(0.0975 0.044)
(0.1 0.044)
(0 0.046)
(0.0025 0.046)
(0.005 0.046)
(0.0075 0.046)
(0.01 0.046)
(0.0125 0.046)
(0.015 0.046)
(0.0175 0.046)
(0.02 0.046)
(0.0225 0.046)
(0.025 0.046)
(0.0275 0.046)
(0.03 0.046)
(0.0325 0.046)
(0.035 0.046)
(0.0375 0.046)
(0.04 0.046)
(0.0425 0.046)
(0.045 0.046)
(0.0475 0.046)
(0.05 0.046)
(0.0525 0.046)
(0.055 0.046)
(0.0575 0.046)
(0.06 0.046)
(0.0625 0.046)
(0.065 0.046)
(0.0675 0.046)
(0.07 0.046)
(0.0725 0.046)
(0.075 0.046)
(0.0775 0.046)
(0.08 0.046)
(0.0825 0.046)
(0.085 0.046)
(0.0875 0.046)
(0.09 0.046)
(0.0925 0.046)
(0.095 0.046)
(0.0975 0.046)
(0.1 0.046)
(0 0.048)
(0.0025 0.048)
(0.005 0.048)
(0.0075 0.048)
(0.01 0.048)
(0.0125 0.048)
(0.015 0.048)
(0.0175 0.048)
(0.02 0.048)
(0.0225 0.048)
(0.025 0.048)
(0.0275 0.048)
(0.03 0.048)
(0.0325 0.048)
(0.035 0.048)
(0.0375 0.048)
(0.04 0.048)
(0.0425 0.048)
(0.045 0.048)
(0.0475 0.048)
(0.05 0.048)
(0.0525 0.048)
(0.055 0.048)
(0.0575 0.048)
(0.06 0.048)
(0.0625 0.048)
(0.065 0.048)
(0.0675 0.048)
(0.07 0.048)
(0.0725 0.048)
(0.075 0.048)
(0.0775 0.048)
(0.08 0.048)
(0.0825 0.048)
(0.085 0.048)
(0.0875 0.048)
(0.09 0.048)
(0.0925 0.048)
(0.095 0.048)
(0.0975 0.048)
(0.1 0.048)
(0 0.05)
(0.0025 0.05)
(0.005 0.05)
(0.0075 0.05)
(0.01 0.05)
(0.0125 0.05)
(0.015 0.05)
(0.0175 0.05)
(0.02 0.05)
(0.0225 0.05)
(0.025 0.05)
(0.0275 0.05)
(0.03 0.05)
(0.0325 0.05)
(0.035 0.05)
(0.0375 0.05)
(0.04 0.05)
(0.0425 0.05)
(0.045 0.05)
(0.0475 0.05)
(0.05 0.05)
(0.0525 0.05)
(0.055 0.05)
(0.0575 0.05)
(0.06 0.05)
(0.0625 0.05)
(0.065 0.05)
(0.0675 0.05)
(0.07 0.05)
(0.0725 0.05)
(0.075 0.05)
(0.0775 0.05)
(0.08 0.05)
(0.0825 0.05)
(0.085 0.05)
(0.0875 0.05)
(0.09 0.05)
(0.0925 0.05)
(0.095 0.05)
(0.0975 0.05)
(0.1 0.05)
(0 0.052)
(0.0025 0.052)
(0.005 0.052)
(0.0075 0.052)
(0.01 0.052)
(0.0125 0.052)
(0.015 0.052)
(0.0175 0.052)
(0.02 0.052)
(0.0225 0.052)
(0.025 0.052)
(0.0275 0.052)
(0.03 0.052)
(0.0325 0.052)
(0.035 0.052)
(0.0375 0.052)
(0.04 0.052)
(0.0425 0.052)
(0.045 0.052)
(0.0475 0.052)
(0.05 0.052)
(0.0525 0.052)
(0.055 0.052)
(0.0575 0.052)
(0.06 0.052)
(0.0625 0.052)
(0.065 0.052)
(0.0675 0.052)
(0.07 0.052)
(0.0725 0.052)
(0.075 0.052)
(0.0775 0.052)
(0.08 0.052)
(0.0825 0.052)
(0.085 0.052)
(0.0875 0.052)
(0.09 0.052)
(0.0925 0.052)
(0.095 0.052)
(0.0975 0.052)
(0.1 0.052)
(0 0.054)
(0.0025 0.054)
(0.005 0.054)
(0.0075 0.054)
(0.01 0.054)
(0.0125 0.054)
(0.015 0.054)
(0.0175 0.054)
(0.02 0.054)
(0.0225 0.054)
(0.025 0.054)
(0.0275 0.054)
(0.03 0.054)
(0.0325 0.054)
(0.035 0.054)
(0.0375 0.054)
(0.04 0.054)
(0.0425 0.054)
(0.045 0.054)
(0.0475 0.054)
(0.05 0.054)
(0.0525 0.054)
(0.055 0.054)
(0.0575 0.054)
(0.06 0.054)
(0.0625 0.054)
(0.065 0.054)
(0.0675 0.054)
(0.07 0.054)
(0.0725 0.054)
(0.075 0.054)
(0.0775 0.054)
(0.08 0.054)
(0.0825 0.054)
(0.085 0.054)
(0.0875 0.054)
(0.09 0.054)
(0.0925 0.054)
(0.095 0.054)
(0.0975 0.054)
(0.1 0.054)
(0 0.056)
(0.0025 0.056)
(0.005 0.056)
(0.0075 0.056)
(0.01 0.056)
(0.0125 0.056)
(0.015 0.056)
(0.0175 0.056)
(0.02 0.056)
(0.0225 0.056)
(0.025 0.056)
(0.0275 0.056)
(0.03 0.056)
(0.0325 0.056)
(0.035 0.056)
(0.0375 0.056)
(0.04 0.056)
(0.0425 0.056)
(0.045 0.056)
(0.0475 0.056)
(0.05 0.056)
(0.0525 0.056)
(0.055 0.056)
(0.0575 0.056)
(0.06 0.056)
(0.0625 0.056)
(0.065 0.056)
(0.0675 0.056)
(0.07 0.056)
(0.0725 0.056)
(0.075 0.056)
(0.0775 0.056)
(0.08 0.056)
(0.0825 0.056)
(0.085 0.056)
(0.0875 0.056)
(0.09 0.056)
(0.0925 0.056)
(0.095 0.056)
(0.0975 0.056)
(0.1 0.056)
(0 0.058)
(0.0025 0.058)
(0.005 0.058)
(0.0075 0.058)
(0.01 0.058)
(0.0125 0.058)
(0.015 0.058)
(0.0175 0.058)
(0.02 0.058)
(0.0225 0.058)
(0.025 0.058)
(0.0275 0.058)
(0.03 0.058)
(0.0325 0.058)
(0.035 0.058)
(0.0375 0.058)
(0.04 0.058)
(0.0425 0.058)
(0.045 0.058)
(0.0475 0.058)
(0.05 0.058)
(0.0525 0.058)
(0.055 0.058)
(0.0575 0.058)
(0.06 0.058)
(0.0625 0.058)
(0.065 0.058)
(0.0675 0.058)
(0.07 0.058)
(0.0725 0.058)
(0.075 0.058)
(0.0775 0.058)
(0.08 0.058)
(0.0825 0.058)
(0.085 0.058)
(0.0875 0.058)
(0.09 0.058)
(0.0925 0.058)
(0.095 0.058)
(0.0975 0.058)
(0.1 0.058)
(0 0.06)
(0.0025 0.06)
(0.005 0.06)
(0.0075 0.06)
(0.01 0.06)
(0.0125 0.06)
(0.015 0.06)
(0.0175 0.06)
(0.02 0.06)
(0.0225 0.06)
(0.025 0.06)
(0.0275 0.06)
(0.03 0.06)
(0.0325 0.06)
(0.035 0.06)
(0.0375 0.06)
(0.04 0.06)
(0.0425 0.06)
(0.045 0.06)
(0.0475 0.06)
(0.05 0.06)
(0.0525 0.06)
(0.055 0.06)
(0.0575 0.06)
(0.06 0.06)
(0.0625 0.06)
(0.065 0.06)
(0.0675 0.06)
(0.07 0.06)
(0.0725 0.06)
(0.075 0.06)
(0.0775 0.06)
(0.08 0.06)
(0.0825 0.06)
(0.085 0.06)
(0.0875 0.06)
(0.09 0.06)
(0.0925 0.06)
(0.095 0.06)
(0.0975 0.06)
(0.1 0.06)
(0 0.062)
(0.0025 0.062)
(0.005 0.062)
(0.0075 0.062)
(0.01 0.062)
(0.0125 0.062)
(0.015 0.062)
(0.0175 0.062)
(0.02 0.062)
(0.0225 0.062)
(0.025 0.062)
(0.0275 0.062)
(0.03 0.062)
(0.0325 0.062)
(0.035 0.062)
(0.0375 0.062)
(0.04 0.062)
(0.0425 0.062)
(0.045 0.062)
(0.0475 0.062)
(0.05 0.062)
(0.0525 0.062)
(0.055 0.062)
(0.0575 0.062)
(0.06 0.062)
(0.0625 0.062)
(0.065 0.062)
(0.0675 0.062)
(0.07 0.062)
(0.0725 0.062)
(0.075 0.062)
(0.0775 0.062)
(0.08 0.062)
(0.0825 0.062)
(0.085 0.062)
(0.0875 0.062)
(0.09 0.062)
(0.0925 0.062)
(0.095 0.062)
(0.0975 0.062)
(0.1 0.062)
(0 0.064)
(0.0025 0.064)
(0.005 0.064)
(0.0075 0.064)
(0.01 0.064)
(0.0125 0.064)
(0.015 0.064)
(0.0175 0.064)
(0.02 0.064)
(0.0225 0.064)
(0.025 0.064)
(0.0275 0.064)
(0.03 0.064)
(0.0325 0.064)
(0.035 0.064)
(0.0375 0.064)
(0.04 0.064)
(0.0425 0.064)
(0.045 0.064)
(0.0475 0.064)
(0.05 0.064)
(0.0525 0.064)
(0.055 0.064)
(0.0575 0.064)
(0.06 0.064)
(0.0625 0.064)
(0.065 0.064)
(0.0675 0.064)
(0.07 0.064)
(0.0725 0.064)
(0.075 0.064)
(0.0775 0.064)
(0.08 0.064)
(0.0825 0.064)
(0.085 0.064)
(0.0875 0.064)
(0.09 0.064)
(0.0925 0.064)
(0.095 0.064)
(0.0975 0.064)
(0.1 0.064)
(0 0.066)
(0.0025 0.066)
(0.005 0.066)
(0.0075 0.066)
(0.01 0.066)
(0.0125 0.066)
(0.015 0.066)
(0.0175 0.066)
(0.02 0.066)
(0.0225 0.066)
(0.025 0.066)
(0.0275 0.066)
(0.03 0.066)
(0.0325 0.066)
(0.035 0.066)
(0.0375 0.066)
(0.04 0.066)
(0.0425 0.066)
(0.045 0.066)
(0.0475 0.066)
(0.05 0.066)
(0.0525 0.066)
(0.055 0.066)
(0.0575 0.066)
(0.06 0.066)
(0.0625 0.066)
(0.065 0.066)
(0.0675 0.066)
(0.07 0.066)
(0.0725 0.066)
(0.075 0.066)
(0.0775 0.066)
(0.08 0.066)
(0.0825 0.066)
(0.085 0.066)
(0.0875 0.066)
(0.09 0.066)
(0.0925 0.066)
(0.095 0.066)
(0.0975 0.066)
(0.1 0.066)
(0 0.068)
(0.0025 0.068)
(0.005 0.068)
(0.0075 0.068)
(0.01 0.068)
(0.0125 0.068)
(0.015 0.068)
(0.0175 0.068)
(0.02 0.068)
(0.0225 0.068)
(0.025 0.068)
(0.0275 0.068)
(0.03 0.068)
(0.0325 0.068)
(0.035 0.068)
(0.0375 0.068)
(0.04 0.068)
(0.0425 0.068)
(0.045 0.068)
(0.0475 0.068)
(0.05 0.068)
(0.0525 0.068)
(0.055 0.068)
(0.0575 0.068)
(0.06 0.068)
(0.0625 0.068)
(0.065 0.068)
(0.0675 0.068)
(0.07 0.068)
(0.0725 0.068)
(0.075 0.068)
(0.0775 0.068)
(0.08 0.068)
(0.0825 0.068)
(0.085 0.068)
(0.0875 0.068)
(0.09 0.068)
(0.0925 0.068)
(0.095 0.068)
(0.0975 0.068)
(0.1 0.068)
(0 0.07)
(0.0025 0.07)
(0.005 0.07)
(0.0075 0.07)
(0.01 0.07)
(0.0125 0.07)
(0.015 0.07)
(0.0175 0.07)
(0.02 0.07)
(0.0225 0.07)
(0.025 0.07)
(0.0275 0.07)
(0.03 0.07)
(0.0325 0.07)
(0.035 0.07)
(0.0375 0.07)
(0.04 0.07)
(0.0425 0.07)
(0.045 0.07)
(0.0475 0.07)
(0.05 0.07)
(0.0525 0.07)
(0.055 0.07)
(0.0575 0.07)
(0.06 0.07)
(0.0625 0.07)
(0.065 0.07)
(0.0675 0.07)
(0.07 0.07)
(0.0725 0.07)
(0.075 0.07)
(0.0775 0.07)
(0.08 0.07)
(0.0825 0.07)
(0.085 0.07)
(0.0875 0.07)
(0.09 0.07)
(0.0925 0.07)
(0.095 0.07)
(0.0975 0.07)
(0.1 0.07)
(0 0.072)
(0.0025 0.072)
(0.005 0.072)
(0.0075 0.072)
(0.01 0.072)
(0.0125 0.072)
(0.015 0.072)
(0.0175 0.072)
(0.02 0.072)
(0.0225 0.072)
(0.025 0.072)
(0.0275 0.072)
(0.03 0.072)
(0.0325 0.072)
(0.035 0.072)
(0.0375 0.072)
(0.04 0.072)
(0.0425 0.072)
(0.045 0.072)
(0.0475 0.072)
(0.05 0.072)
(0.0525 0.072)
(0.055 0.072)
(0.0575 0.072)
(0.06 0.072)
(0.0625 0.072)
(0.065 0.072)
(0.0675 0.072)
(0.07 0.072)
(0.0725 0.072)
(0.075 0.072)
(0.0775 0.072)
(0.08 0.072)
(0.0825 0.072)
(0.085 0.072)
(0.0875 0.072)
(0.09 0.072)
(0.0925 0.072)
(0.095 0.072)
(0.0975 0.072)
(0.1 0.072)
(0 0.074)
(0.0025 0.074)
(0.005 0.074)
(0.0075 0.074)
(0.01 0.074)
(0.0125 0.074)
(0.015 0.074)
(0.0175 0.074)
(0.02 0.074)
(0.0225 0.074)
(0.025 0.074)
(0.0275 0.074)
(0.03 0.074)
(0.0325 0.074)
(0.035 0.074)
(0.0375 0.074)
(0.04 0.074)
(0.0425 0.074)
(0.045 0.074)
(0.0475 0.074)
(0.05 0.074)
(0.0525 0.074)
(0.055 0.074)
(0.0575 0.074)
(0.06 0.074)
(0.0625 0.074)
(0.065 0.074)
(0.0675 0.074)
(0.07 0.074)
(0.0725 0.074)
(0.075 0.074)
(0.0775 0.074)
(0.08 0.074)
(0.0825 0.074)
(0.085 0.074)
(0.0875 0.074)
(0.09 0.074)
(0.0925 0.074)
(0.095 0.074)
(0.0975 0.074)
(0.1 0.074)
(0 0.076)
(0.0025 0.076)
(0.005 0.076)
(0.0075 0.076)
(0.01 0.076)
(0.0125 0.076)
(0.015 0.076)
(0.0175 0.076)
(0.02 0.076)
(0.0225 0.076)
(0.025 0.076)
(0.0275 0.076)
(0.03 0.076)
(0.0325 0.076)
(0.035 0.076)
(0.0375 0.076)
(0.04 0.076)
(0.0425 0.076)
(0.045 0.076)
(0.0475 0.076)
(0.05 0.076)
(0.0525 0.076)
(0.055 0.076)
(0.0575 0.076)
(0.06 0.076)
(0.0625 0.076)
(0.065 0.076)
(0.0675 0.076)
(0.07 0.076)
(0.0725 0.076)
(0.075 0.076)
(0.0775 0.076)
(0.08 0.076)
(0.0825 0.076)
(0.085 0.076)
(0.0875 0.076)
(0.09 0.076)
(0.0925 0.076)
(0.095 0.076)
(0.0975 0.076)
(0.1 0.076)
(0 0.078)
(0.0025 0.078)
(0.005 0.078)
(0.0075 0.078)
(0.01 0.078)
(0.0125 0.078)
(0.015 0.078)
(0.0175 0.078)
(0.02 0.078)
(0.0225 0.078)
(0.025 0.078)
(0.0275 0.078)
(0.03 0.078)
(0.0325 0.078)
(0.035 0.078)
(0.0375 0.078)
(0.04 0.078)
(0.0425 0.078)
(0.045 0.078)
(0.0475 0.078)
(0.05 0.078)
(0.0525 0.078)
(0.055 0.078)
(0.0575 0.078)
(0.06 0.078)
(0.0625 0.078)
(0.065 0.078)
(0.0675 0.078)
(0.07 0.078)
(0.0725 0.078)
(0.075 0.078)
(0.0775 0.078)
(0.08 0.078)
(0.0825 0.078)
(0.085 0.078)
(0.0875 0.078)
(0.09 0.078)
(0.0925 0.078)
(0.095 0.078)
(0.0975 0.078)
(0.1 0.078)
(0 0.08)
(0.0025 0.08)
(0.005 0.08)
(0.0075 0.08)
(0.01 0.08)
(0.0125 0.08)
(0.015 0.08)
(0.0175 0.08)
(0.02 0.08)
(0.0225 0.08)
(0.025 0.08)
(0.0275 0.08)
(0.03 0.08)
(0.0325 0.08)
(0.035 0.08)
(0.0375 0.08)
(0.04 0.08)
(0.0425 0.08)
(0.045 0.08)
(0.0475 0.08)
(0.05 0.08)
(0.0525 0.08)
(0.055 0.08)
(0.0575 0.08)
(0.06 0.08)
(0.0625 0.08)
(0.065 0.08)
(0.0675 0.08)
(0.07 0.08)
(0.0725 0.08)
(0.075 0.08)
(0.0775 0.08)
(0.08 0.08)
(0.0825 0.08)
(0.085 0.08)
(0.0875 0.08)
(0.09 0.08)
(0.0925 0.08)
(0.095 0.08)
(0.0975 0.08)
(0.1 0.08)
(0 0.082)
(0.0025 0.082)
(0.005 0.082)
(0.0075 0.082)
(0.01 0.082)
(0.0125 0.082)
(0.015 0.082)
(0.0175 0.082)
(0.02 0.082)
(0.0225 0.082)
(0.025 0.082)
(0.0275 0.082)
(0.03 0.082)
(0.0325 0.082)
(0.035 0.082)
(0.0375 0.082)
(0.04 0.082)
(0.0425 0.082)
(0.045 0.082)
(0.0475 0.082)
(0.05 0.082)
(0.0525 0.082)
(0.055 0.082)
(0.0575 0.082)
(0.06 0.082)
(0.0625 0.082)
(0.065 0.082)
(0.0675 0.082)
(0.07 0.082)
(0.0725 0.082)
(0.075 0.082)
(0.0775 0.082)
(0.08 0.082)
(0.0825 0.082)
(0.085 0.082)
(0.0875 0.082)
(0.09 0.082)
(0.0925 0.082)
(0.095 0.082)
(0.0975 0.082)
(0.1 0.082)
(0 0.084)
(0.0025 0.084)
(0.005 0.084)
(0.0075 0.084)
(0.01 0.084)
(0.0125 0.084)
(0.015 0.084)
(0.0175 0.084)
(0.02 0.084)
(0.0225 0.084)
(0.025 0.084)
(0.0275 0.084)
(0.03 0.084)
(0.0325 0.084)
(0.035 0.084)
(0.0375 0.084)
(0.04 0.084)
(0.0425 0.084)
(0.045 0.084)
(0.0475 0.084)
(0.05 0.084)
(0.0525 0.084)
(0.055 0.084)
(0.0575 0.084)
(0.06 0.084)
(0.0625 0.084)
(0.065 0.084)
(0.0675 0.084)
(0.07 0.084)
(0.0725 0.084)
(0.075 0.084)
(0.0775 0.084)
(0.08 0.084)
(0.0825 0.084)
(0.085 0.084)
(0.0875 0.084)
(0.09 0.084)
(0.0925 0.084)
(0.095 0.084)
(0.0975 0.084)
(0.1 0.084)
(0 0.086)
(0.0025 0.086)
(0.005 0.086)
(0.0075 0.086)
(0.01 0.086)
(0.0125 0.086)
(0.015 0.086)
(0.0175 0.086)
(0.02 0.086)
(0.0225 0.086)
(0.025 0.086)
(0.0275 0.086)
(0.03 0.086)
(0.0325 0.086)
(0.035 0.086)
(0.0375 0.086)
(0.04 0.086)
(0.0425 0.086)
(0.045 0.086)
(0.0475 0.086)
(0.05 0.086)
(0.0525 0.086)
(0.055 0.086)
(0.0575 0.086)
(0.06 0.086)
(0.0625 0.086)
(0.065 0.086)
(0.0675 0.086)
(0.07 0.086)
(0.0725 0.086)
(0.075 0.086)
(0.0775 0.086)
(0.08 0.086)
(0.0825 0.086)
(0.085 0.086)
(0.0875 0.086)
(0.09 0.086)
(0.0925 0.086)
(0.095 0.086)
(0.0975 0.086)
(0.1 0.086)
(0 0.088)
(0.0025 0.088)
(0.005 0.088)
(0.0075 0.088)
(0.01 0.088)
(0.0125 0.088)
(0.015 0.088)
(0.0175 0.088)
(0.02 0.088)
(0.0225 0.088)
(0.025 0.088)
(0.0275 0.088)
(0.03 0.088)
(0.0325 0.088)
(0.035 0.088)
(0.0375 0.088)
(0.04 0.088)
(0.0425 0.088)
(0.045 0.088)
(0.0475 0.088)
(0.05 0.088)
(0.0525 0.088)
(0.055 0.088)
(0.0575 0.088)
(0.06 0.088)
(0.0625 0.088)
(0.065 0.088)
(0.0675 0.088)
(0.07 0.088)
(0.0725 0.088)
(0.075 0.088)
(0.0775 0.088)
(0.08 0.088)
(0.0825 0.088)
(0.085 0.088)
(0.0875 0.088)
(0.09 0.088)
(0.0925 0.088)
(0.095 0.088)
(0.0975 0.088)
(0.1 0.088)
(0 0.09)
(0.0025 0.09)
(0.005 0.09)
(0.0075 0.09)
(0.01 0.09)
(0.0125 0.09)
(0.015 0.09)
(0.0175 0.09)
(0.02 0.09)
(0.0225 0.09)
(0.025 0.09)
(0.0275 0.09)
(0.03 0.09)
(0.0325 0.09)
(0.035 0.09)
(0.0375 0.09)
(0.04 0.09)
(0.0425 0.09)
(0.045 0.09)
(0.0475 0.09)
(0.05 0.09)
(0.0525 0.09)
(0.055 0.09)
(0.0575 0.09)
(0.06 0.09)
(0.0625 0.09)
(0.065 0.09)
(0.0675 0.09)
(0.07 0.09)
(0.0725 0.09)
(0.075 0.09)
(0.0775 0.09)
(0.08 0.09)
(0.0825 0.09)
(0.085 0.09)
(0.0875 0.09)
(0.09 0.09)
(0.0925 0.09)
(0.095 0.09)
(0.0975 0.09)
(0.1 0.09)
(0 0.092)
(0.0025 0.092)
(0.005 0.092)
(0.0075 0.092)
(0.01 0.092)
(0.0125 0.092)
(0.015 0.092)
(0.0175 0.092)
(0.02 0.092)
(0.0225 0.092)
(0.025 0.092)
(0.0275 0.092)
(0.03 0.092)
(0.0325 0.092)
(0.035 0.092)
(0.0375 0.092)
(0.04 0.092)
(0.0425 0.092)
(0.045 0.092)
(0.0475 0.092)
(0.05 0.092)
(0.0525 0.092)
(0.055 0.092)
(0.0575 0.092)
(0.06 0.092)
(0.0625 0.092)
(0.065 0.092)
(0.0675 0.092)
(0.07 0.092)
(0.0725 0.092)
(0.075 0.092)
(0.0775 0.092)
(0.08 0.092)
(0.0825 0.092)
(0.085 0.092)
(0.0875 0.092)
(0.09 0.092)
(0.0925 0.092)
(0.095 0.092)
(0.0975 0.092)
(0.1 0.092)
(0 0.094)
(0.0025 0.094)
(0.005 0.094)
(0.0075 0.094)
(0.01 0.094)
(0.0125 0.094)
(0.015 0.094)
(0.0175 0.094)
(0.02 0.094)
(0.0225 0.094)
(0.025 0.094)
(0.0275 0.094)
(0.03 0.094)
(0.0325 0.094)
(0.035 0.094)
(0.0375 0.094)
(0.04 0.094)
(0.0425 0.094)
(0.045 0.094)
(0.0475 0.094)
(0.05 0.094)
(0.0525 0.094)
(0.055 0.094)
(0.0575 0.094)
(0.06 0.094)
(0.0625 0.094)
(0.065 0.094)
(0.0675 0.094)
(0.07 0.094)
(0.0725 0.094)
(0.075 0.094)
(0.0775 0.094)
(0.08 0.094)
(0.0825 0.094)
(0.085 0.094)
(0.0875 0.094)
(0.09 0.094)
(0.0925 0.094)
(0.095 0.094)
(0.0975 0.094)
(0.1 0.094)
(0 0.096)
(0.0025 0.096)
(0.005 0.096)
(0.0075 0.096)
(0.01 0.096)
(0.0125 0.096)
(0.015 0.096)
(0.0175 0.096)
(0.02 0.096)
(0.0225 0.096)
(0.025 0.096)
(0.0275 0.096)
(0.03 0.096)
(0.0325 0.096)
(0.035 0.096)
(0.0375 0.096)
(0.04 0.096)
(0.0425 0.096)
(0.045 0.096)
(0.0475 0.096)
(0.05 0.096)
(0.0525 0.096)
(0.055 0.096)
(0.0575 0.096)
(0.06 0.096)
(0.0625 0.096)
(0.065 0.096)
(0.0675 0.096)
(0.07 0.096)
(0.0725 0.096)
(0.075 0.096)
(0.0775 0.096)
(0.08 0.096)
(0.0825 0.096)
(0.085 0.096)
(0.0875 0.096)
(0.09 0.096)
(0.0925 0.096)
(0.095 0.096)
(0.0975 0.096)
(0.1 0.096)
(0 0.098)
(0.0025 0.098)
(0.005 0.098)
(0.0075 0.098)
(0.01 0.098)
(0.0125 0.098)
(0.015 0.098)
(0.0175 0.098)
(0.02 0.098)
(0.0225 0.098)
(0.025 0.098)
(0.0275 0.098)
(0.03 0.098)
(0.0325 0.098)
(0.035 0.098)
(0.0375 0.098)
(0.04 0.098)
(0.0425 0.098)
(0.045 0.098)
(0.0475 0.098)
(0.05 0.098)
(0.0525 0.098)
(0.055 0.098)
(0.0575 0.098)
(0.06 0.098)
(0.0625 0.098)
(0.065 0.098)
(0.0675 0.098)
(0.07 0.098)
(0.0725 0.098)
(0.075 0.098)
(0.0775 0.098)
(0.08 0.098)
(0.0825 0.098)
(0.085 0.098)
(0.0875 0.098)
(0.09 0.098)
(0.0925 0.098)
(0.095 0.098)
(0.0975 0.098)
(0.1 0.098)
(0 0.1)
(0.0025 0.1)
(0.005 0.1)
(0.0075 0.1)
(0.01 0.1)
(0.0125 0.1)
(0.015 0.1)
(0.0175 0.1)
(0.02 0.1)
(0.0225 0.1)
(0.025 0.1)
(0.0275 0.1)
(0.03 0.1)
(0.0325 0.1)
(0.035 0.1)
(0.0375 0.1)
(0.04 0.1)
(0.0425 0.1)
(0.045 0.1)
(0.0475 0.1)
(0.05 0.1)
(0.0525 0.1)
(0.055 0.1)
(0.0575 0.1)
(0.06 0.1)
(0.0625 0.1)
(0.065 0.1)
(0.0675 0.1)
(0.07 0.1)
(0.0725 0.1)
(0.075 0.1)
(0.0775 0.1)
(0.08 0.1)
(0.0825 0.1)
(0.085 0.1)
(0.0875 0.1)
(0.09 0.1)
(0.0925 0.1)
(0.095 0.1)
(0.0975 0.1)
(0.1 0.1)
)
