50
(
4(0 65 5 55)
4(1 75 6 65)
4(2 85 7 75)
4(3 95 8 85)
4(4 105 9 95)
4(5 66 10 56)
4(6 76 11 66)
4(7 86 12 76)
4(8 96 13 86)
4(9 106 14 96)
4(10 67 15 57)
4(11 77 16 67)
4(12 87 17 77)
4(13 97 18 87)
4(14 107 19 97)
4(15 68 20 58)
4(16 78 21 68)
4(17 88 22 78)
4(18 98 23 88)
4(19 108 24 98)
4(20 69 25 59)
4(21 79 26 69)
4(22 89 27 79)
4(23 99 28 89)
4(24 109 29 99)
4(25 70 30 60)
4(26 80 31 70)
4(27 90 32 80)
4(28 100 33 90)
4(29 110 34 100)
4(30 71 35 61)
4(31 81 36 71)
4(32 91 37 81)
4(33 101 38 91)
4(34 111 39 101)
4(35 72 40 62)
4(36 82 41 72)
4(37 92 42 82)
4(38 102 43 92)
4(39 112 44 102)
4(40 73 45 63)
4(41 83 46 73)
4(42 93 47 83)
4(43 103 48 93)
4(44 113 49 103)
4(45 74 50 64)
4(46 84 51 74)
4(47 94 52 84)
4(48 104 53 94)
4(49 114 54 104)
)
