115
(
2(0 1)
2(1 2)
2(2 3)
2(3 4)
2(4 5)
2(6 7)
2(7 8)
2(8 9)
2(9 10)
2(10 11)
2(12 13)
2(13 14)
2(14 15)
2(15 16)
2(16 17)
2(18 19)
2(19 20)
2(20 21)
2(21 22)
2(22 23)
2(24 25)
2(25 26)
2(26 27)
2(27 28)
2(28 29)
2(30 31)
2(31 32)
2(32 33)
2(33 34)
2(34 35)
2(36 37)
2(37 38)
2(38 39)
2(39 40)
2(40 41)
2(42 43)
2(43 44)
2(44 45)
2(45 46)
2(46 47)
2(48 49)
2(49 50)
2(50 51)
2(51 52)
2(52 53)
2(54 55)
2(55 56)
2(56 57)
2(57 58)
2(58 59)
2(60 61)
2(61 62)
2(62 63)
2(63 64)
2(64 65)
2(0 6)
2(6 12)
2(12 18)
2(18 24)
2(24 30)
2(30 36)
2(36 42)
2(42 48)
2(48 54)
2(54 60)
2(1 7)
2(7 13)
2(13 19)
2(19 25)
2(25 31)
2(31 37)
2(37 43)
2(43 49)
2(49 55)
2(55 61)
2(2 8)
2(8 14)
2(14 20)
2(20 26)
2(26 32)
2(32 38)
2(38 44)
2(44 50)
2(50 56)
2(56 62)
2(3 9)
2(9 15)
2(15 21)
2(21 27)
2(27 33)
2(33 39)
2(39 45)
2(45 51)
2(51 57)
2(57 63)
2(4 10)
2(10 16)
2(16 22)
2(22 28)
2(28 34)
2(34 40)
2(40 46)
2(46 52)
2(52 58)
2(58 64)
2(5 11)
2(11 17)
2(17 23)
2(23 29)
2(29 35)
2(35 41)
2(41 47)
2(47 53)
2(53 59)
2(59 65)
)
