200
(
4(0 230 10 210)
4(1 250 11 230)
4(2 270 12 250)
4(3 290 13 270)
4(4 310 14 290)
4(5 330 15 310)
4(6 350 16 330)
4(7 370 17 350)
4(8 390 18 370)
4(9 410 19 390)
4(10 231 20 211)
4(11 251 21 231)
4(12 271 22 251)
4(13 291 23 271)
4(14 311 24 291)
4(15 331 25 311)
4(16 351 26 331)
4(17 371 27 351)
4(18 391 28 371)
4(19 411 29 391)
4(20 232 30 212)
4(21 252 31 232)
4(22 272 32 252)
4(23 292 33 272)
4(24 312 34 292)
4(25 332 35 312)
4(26 352 36 332)
4(27 372 37 352)
4(28 392 38 372)
4(29 412 39 392)
4(30 233 40 213)
4(31 253 41 233)
4(32 273 42 253)
4(33 293 43 273)
4(34 313 44 293)
4(35 333 45 313)
4(36 353 46 333)
4(37 373 47 353)
4(38 393 48 373)
4(39 413 49 393)
4(40 234 50 214)
4(41 254 51 234)
4(42 274 52 254)
4(43 294 53 274)
4(44 314 54 294)
4(45 334 55 314)
4(46 354 56 334)
4(47 374 57 354)
4(48 394 58 374)
4(49 414 59 394)
4(50 235 60 215)
4(51 255 61 235)
4(52 275 62 255)
4(53 295 63 275)
4(54 315 64 295)
4(55 335 65 315)
4(56 355 66 335)
4(57 375 67 355)
4(58 395 68 375)
4(59 415 69 395)
4(60 236 70 216)
4(61 256 71 236)
4(62 276 72 256)
4(63 296 73 276)
4(64 316 74 296)
4(65 336 75 316)
4(66 356 76 336)
4(67 376 77 356)
4(68 396 78 376)
4(69 416 79 396)
4(70 237 80 217)
4(71 257 81 237)
4(72 277 82 257)
4(73 297 83 277)
4(74 317 84 297)
4(75 337 85 317)
4(76 357 86 337)
4(77 377 87 357)
4(78 397 88 377)
4(79 417 89 397)
4(80 238 90 218)
4(81 258 91 238)
4(82 278 92 258)
4(83 298 93 278)
4(84 318 94 298)
4(85 338 95 318)
4(86 358 96 338)
4(87 378 97 358)
4(88 398 98 378)
4(89 418 99 398)
4(90 239 100 219)
4(91 259 101 239)
4(92 279 102 259)
4(93 299 103 279)
4(94 319 104 299)
4(95 339 105 319)
4(96 359 106 339)
4(97 379 107 359)
4(98 399 108 379)
4(99 419 109 399)
4(100 240 110 220)
4(101 260 111 240)
4(102 280 112 260)
4(103 300 113 280)
4(104 320 114 300)
4(105 340 115 320)
4(106 360 116 340)
4(107 380 117 360)
4(108 400 118 380)
4(109 420 119 400)
4(110 241 120 221)
4(111 261 121 241)
4(112 281 122 261)
4(113 301 123 281)
4(114 321 124 301)
4(115 341 125 321)
4(116 361 126 341)
4(117 381 127 361)
4(118 401 128 381)
4(119 421 129 401)
4(120 242 130 222)
4(121 262 131 242)
4(122 282 132 262)
4(123 302 133 282)
4(124 322 134 302)
4(125 342 135 322)
4(126 362 136 342)
4(127 382 137 362)
4(128 402 138 382)
4(129 422 139 402)
4(130 243 140 223)
4(131 263 141 243)
4(132 283 142 263)
4(133 303 143 283)
4(134 323 144 303)
4(135 343 145 323)
4(136 363 146 343)
4(137 383 147 363)
4(138 403 148 383)
4(139 423 149 403)
4(140 244 150 224)
4(141 264 151 244)
4(142 284 152 264)
4(143 304 153 284)
4(144 324 154 304)
4(145 344 155 324)
4(146 364 156 344)
4(147 384 157 364)
4(148 404 158 384)
4(149 424 159 404)
4(150 245 160 225)
4(151 265 161 245)
4(152 285 162 265)
4(153 305 163 285)
4(154 325 164 305)
4(155 345 165 325)
4(156 365 166 345)
4(157 385 167 365)
4(158 405 168 385)
4(159 425 169 405)
4(160 246 170 226)
4(161 266 171 246)
4(162 286 172 266)
4(163 306 173 286)
4(164 326 174 306)
4(165 346 175 326)
4(166 366 176 346)
4(167 386 177 366)
4(168 406 178 386)
4(169 426 179 406)
4(170 247 180 227)
4(171 267 181 247)
4(172 287 182 267)
4(173 307 183 287)
4(174 327 184 307)
4(175 347 185 327)
4(176 367 186 347)
4(177 387 187 367)
4(178 407 188 387)
4(179 427 189 407)
4(180 248 190 228)
4(181 268 191 248)
4(182 288 192 268)
4(183 308 193 288)
4(184 328 194 308)
4(185 348 195 328)
4(186 368 196 348)
4(187 388 197 368)
4(188 408 198 388)
4(189 428 199 408)
4(190 249 200 229)
4(191 269 201 249)
4(192 289 202 269)
4(193 309 203 289)
4(194 329 204 309)
4(195 349 205 329)
4(196 369 206 349)
4(197 389 207 369)
4(198 409 208 389)
4(199 429 209 409)
)
