430
(
2(0 1)
2(1 2)
2(2 3)
2(3 4)
2(4 5)
2(5 6)
2(6 7)
2(7 8)
2(8 9)
2(9 10)
2(11 12)
2(12 13)
2(13 14)
2(14 15)
2(15 16)
2(16 17)
2(17 18)
2(18 19)
2(19 20)
2(20 21)
2(22 23)
2(23 24)
2(24 25)
2(25 26)
2(26 27)
2(27 28)
2(28 29)
2(29 30)
2(30 31)
2(31 32)
2(33 34)
2(34 35)
2(35 36)
2(36 37)
2(37 38)
2(38 39)
2(39 40)
2(40 41)
2(41 42)
2(42 43)
2(44 45)
2(45 46)
2(46 47)
2(47 48)
2(48 49)
2(49 50)
2(50 51)
2(51 52)
2(52 53)
2(53 54)
2(55 56)
2(56 57)
2(57 58)
2(58 59)
2(59 60)
2(60 61)
2(61 62)
2(62 63)
2(63 64)
2(64 65)
2(66 67)
2(67 68)
2(68 69)
2(69 70)
2(70 71)
2(71 72)
2(72 73)
2(73 74)
2(74 75)
2(75 76)
2(77 78)
2(78 79)
2(79 80)
2(80 81)
2(81 82)
2(82 83)
2(83 84)
2(84 85)
2(85 86)
2(86 87)
2(88 89)
2(89 90)
2(90 91)
2(91 92)
2(92 93)
2(93 94)
2(94 95)
2(95 96)
2(96 97)
2(97 98)
2(99 100)
2(100 101)
2(101 102)
2(102 103)
2(103 104)
2(104 105)
2(105 106)
2(106 107)
2(107 108)
2(108 109)
2(110 111)
2(111 112)
2(112 113)
2(113 114)
2(114 115)
2(115 116)
2(116 117)
2(117 118)
2(118 119)
2(119 120)
2(121 122)
2(122 123)
2(123 124)
2(124 125)
2(125 126)
2(126 127)
2(127 128)
2(128 129)
2(129 130)
2(130 131)
2(132 133)
2(133 134)
2(134 135)
2(135 136)
2(136 137)
2(137 138)
2(138 139)
2(139 140)
2(140 141)
2(141 142)
2(143 144)
2(144 145)
2(145 146)
2(146 147)
2(147 148)
2(148 149)
2(149 150)
2(150 151)
2(151 152)
2(152 153)
2(154 155)
2(155 156)
2(156 157)
2(157 158)
2(158 159)
2(159 160)
2(160 161)
2(161 162)
2(162 163)
2(163 164)
2(165 166)
2(166 167)
2(167 168)
2(168 169)
2(169 170)
2(170 171)
2(171 172)
2(172 173)
2(173 174)
2(174 175)
2(176 177)
2(177 178)
2(178 179)
2(179 180)
2(180 181)
2(181 182)
2(182 183)
2(183 184)
2(184 185)
2(185 186)
2(187 188)
2(188 189)
2(189 190)
2(190 191)
2(191 192)
2(192 193)
2(193 194)
2(194 195)
2(195 196)
2(196 197)
2(198 199)
2(199 200)
2(200 201)
2(201 202)
2(202 203)
2(203 204)
2(204 205)
2(205 206)
2(206 207)
2(207 208)
2(209 210)
2(210 211)
2(211 212)
2(212 213)
2(213 214)
2(214 215)
2(215 216)
2(216 217)
2(217 218)
2(218 219)
2(220 221)
2(221 222)
2(222 223)
2(223 224)
2(224 225)
2(225 226)
2(226 227)
2(227 228)
2(228 229)
2(229 230)
2(0 11)
2(11 22)
2(22 33)
2(33 44)
2(44 55)
2(55 66)
2(66 77)
2(77 88)
2(88 99)
2(99 110)
2(110 121)
2(121 132)
2(132 143)
2(143 154)
2(154 165)
2(165 176)
2(176 187)
2(187 198)
2(198 209)
2(209 220)
2(1 12)
2(12 23)
2(23 34)
2(34 45)
2(45 56)
2(56 67)
2(67 78)
2(78 89)
2(89 100)
2(100 111)
2(111 122)
2(122 133)
2(133 144)
2(144 155)
2(155 166)
2(166 177)
2(177 188)
2(188 199)
2(199 210)
2(210 221)
2(2 13)
2(13 24)
2(24 35)
2(35 46)
2(46 57)
2(57 68)
2(68 79)
2(79 90)
2(90 101)
2(101 112)
2(112 123)
2(123 134)
2(134 145)
2(145 156)
2(156 167)
2(167 178)
2(178 189)
2(189 200)
2(200 211)
2(211 222)
2(3 14)
2(14 25)
2(25 36)
2(36 47)
2(47 58)
2(58 69)
2(69 80)
2(80 91)
2(91 102)
2(102 113)
2(113 124)
2(124 135)
2(135 146)
2(146 157)
2(157 168)
2(168 179)
2(179 190)
2(190 201)
2(201 212)
2(212 223)
2(4 15)
2(15 26)
2(26 37)
2(37 48)
2(48 59)
2(59 70)
2(70 81)
2(81 92)
2(92 103)
2(103 114)
2(114 125)
2(125 136)
2(136 147)
2(147 158)
2(158 169)
2(169 180)
2(180 191)
2(191 202)
2(202 213)
2(213 224)
2(5 16)
2(16 27)
2(27 38)
2(38 49)
2(49 60)
2(60 71)
2(71 82)
2(82 93)
2(93 104)
2(104 115)
2(115 126)
2(126 137)
2(137 148)
2(148 159)
2(159 170)
2(170 181)
2(181 192)
2(192 203)
2(203 214)
2(214 225)
2(6 17)
2(17 28)
2(28 39)
2(39 50)
2(50 61)
2(61 72)
2(72 83)
2(83 94)
2(94 105)
2(105 116)
2(116 127)
2(127 138)
2(138 149)
2(149 160)
2(160 171)
2(171 182)
2(182 193)
2(193 204)
2(204 215)
2(215 226)
2(7 18)
2(18 29)
2(29 40)
2(40 51)
2(51 62)
2(62 73)
2(73 84)
2(84 95)
2(95 106)
2(106 117)
2(117 128)
2(128 139)
2(139 150)
2(150 161)
2(161 172)
2(172 183)
2(183 194)
2(194 205)
2(205 216)
2(216 227)
2(8 19)
2(19 30)
2(30 41)
2(41 52)
2(52 63)
2(63 74)
2(74 85)
2(85 96)
2(96 107)
2(107 118)
2(118 129)
2(129 140)
2(140 151)
2(151 162)
2(162 173)
2(173 184)
2(184 195)
2(195 206)
2(206 217)
2(217 228)
2(9 20)
2(20 31)
2(31 42)
2(42 53)
2(53 64)
2(64 75)
2(75 86)
2(86 97)
2(97 108)
2(108 119)
2(119 130)
2(130 141)
2(141 152)
2(152 163)
2(163 174)
2(174 185)
2(185 196)
2(196 207)
2(207 218)
2(218 229)
2(10 21)
2(21 32)
2(32 43)
2(43 54)
2(54 65)
2(65 76)
2(76 87)
2(87 98)
2(98 109)
2(109 120)
2(120 131)
2(131 142)
2(142 153)
2(153 164)
2(164 175)
2(175 186)
2(186 197)
2(197 208)
2(208 219)
2(219 230)
)
