1000
(
4(0 1070 20 1020)
4(1 1120 21 1070)
4(2 1170 22 1120)
4(3 1220 23 1170)
4(4 1270 24 1220)
4(5 1320 25 1270)
4(6 1370 26 1320)
4(7 1420 27 1370)
4(8 1470 28 1420)
4(9 1520 29 1470)
4(10 1570 30 1520)
4(11 1620 31 1570)
4(12 1670 32 1620)
4(13 1720 33 1670)
4(14 1770 34 1720)
4(15 1820 35 1770)
4(16 1870 36 1820)
4(17 1920 37 1870)
4(18 1970 38 1920)
4(19 2020 39 1970)
4(20 1071 40 1021)
4(21 1121 41 1071)
4(22 1171 42 1121)
4(23 1221 43 1171)
4(24 1271 44 1221)
4(25 1321 45 1271)
4(26 1371 46 1321)
4(27 1421 47 1371)
4(28 1471 48 1421)
4(29 1521 49 1471)
4(30 1571 50 1521)
4(31 1621 51 1571)
4(32 1671 52 1621)
4(33 1721 53 1671)
4(34 1771 54 1721)
4(35 1821 55 1771)
4(36 1871 56 1821)
4(37 1921 57 1871)
4(38 1971 58 1921)
4(39 2021 59 1971)
4(40 1072 60 1022)
4(41 1122 61 1072)
4(42 1172 62 1122)
4(43 1222 63 1172)
4(44 1272 64 1222)
4(45 1322 65 1272)
4(46 1372 66 1322)
4(47 1422 67 1372)
4(48 1472 68 1422)
4(49 1522 69 1472)
4(50 1572 70 1522)
4(51 1622 71 1572)
4(52 1672 72 1622)
4(53 1722 73 1672)
4(54 1772 74 1722)
4(55 1822 75 1772)
4(56 1872 76 1822)
4(57 1922 77 1872)
4(58 1972 78 1922)
4(59 2022 79 1972)
4(60 1073 80 1023)
4(61 1123 81 1073)
4(62 1173 82 1123)
4(63 1223 83 1173)
4(64 1273 84 1223)
4(65 1323 85 1273)
4(66 1373 86 1323)
4(67 1423 87 1373)
4(68 1473 88 1423)
4(69 1523 89 1473)
4(70 1573 90 1523)
4(71 1623 91 1573)
4(72 1673 92 1623)
4(73 1723 93 1673)
4(74 1773 94 1723)
4(75 1823 95 1773)
4(76 1873 96 1823)
4(77 1923 97 1873)
4(78 1973 98 1923)
4(79 2023 99 1973)
4(80 1074 100 1024)
4(81 1124 101 1074)
4(82 1174 102 1124)
4(83 1224 103 1174)
4(84 1274 104 1224)
4(85 1324 105 1274)
4(86 1374 106 1324)
4(87 1424 107 1374)
4(88 1474 108 1424)
4(89 1524 109 1474)
4(90 1574 110 1524)
4(91 1624 111 1574)
4(92 1674 112 1624)
4(93 1724 113 1674)
4(94 1774 114 1724)
4(95 1824 115 1774)
4(96 1874 116 1824)
4(97 1924 117 1874)
4(98 1974 118 1924)
4(99 2024 119 1974)
4(100 1075 120 1025)
4(101 1125 121 1075)
4(102 1175 122 1125)
4(103 1225 123 1175)
4(104 1275 124 1225)
4(105 1325 125 1275)
4(106 1375 126 1325)
4(107 1425 127 1375)
4(108 1475 128 1425)
4(109 1525 129 1475)
4(110 1575 130 1525)
4(111 1625 131 1575)
4(112 1675 132 1625)
4(113 1725 133 1675)
4(114 1775 134 1725)
4(115 1825 135 1775)
4(116 1875 136 1825)
4(117 1925 137 1875)
4(118 1975 138 1925)
4(119 2025 139 1975)
4(120 1076 140 1026)
4(121 1126 141 1076)
4(122 1176 142 1126)
4(123 1226 143 1176)
4(124 1276 144 1226)
4(125 1326 145 1276)
4(126 1376 146 1326)
4(127 1426 147 1376)
4(128 1476 148 1426)
4(129 1526 149 1476)
4(130 1576 150 1526)
4(131 1626 151 1576)
4(132 1676 152 1626)
4(133 1726 153 1676)
4(134 1776 154 1726)
4(135 1826 155 1776)
4(136 1876 156 1826)
4(137 1926 157 1876)
4(138 1976 158 1926)
4(139 2026 159 1976)
4(140 1077 160 1027)
4(141 1127 161 1077)
4(142 1177 162 1127)
4(143 1227 163 1177)
4(144 1277 164 1227)
4(145 1327 165 1277)
4(146 1377 166 1327)
4(147 1427 167 1377)
4(148 1477 168 1427)
4(149 1527 169 1477)
4(150 1577 170 1527)
4(151 1627 171 1577)
4(152 1677 172 1627)
4(153 1727 173 1677)
4(154 1777 174 1727)
4(155 1827 175 1777)
4(156 1877 176 1827)
4(157 1927 177 1877)
4(158 1977 178 1927)
4(159 2027 179 1977)
4(160 1078 180 1028)
4(161 1128 181 1078)
4(162 1178 182 1128)
4(163 1228 183 1178)
4(164 1278 184 1228)
4(165 1328 185 1278)
4(166 1378 186 1328)
4(167 1428 187 1378)
4(168 1478 188 1428)
4(169 1528 189 1478)
4(170 1578 190 1528)
4(171 1628 191 1578)
4(172 1678 192 1628)
4(173 1728 193 1678)
4(174 1778 194 1728)
4(175 1828 195 1778)
4(176 1878 196 1828)
4(177 1928 197 1878)
4(178 1978 198 1928)
4(179 2028 199 1978)
4(180 1079 200 1029)
4(181 1129 201 1079)
4(182 1179 202 1129)
4(183 1229 203 1179)
4(184 1279 204 1229)
4(185 1329 205 1279)
4(186 1379 206 1329)
4(187 1429 207 1379)
4(188 1479 208 1429)
4(189 1529 209 1479)
4(190 1579 210 1529)
4(191 1629 211 1579)
4(192 1679 212 1629)
4(193 1729 213 1679)
4(194 1779 214 1729)
4(195 1829 215 1779)
4(196 1879 216 1829)
4(197 1929 217 1879)
4(198 1979 218 1929)
4(199 2029 219 1979)
4(200 1080 220 1030)
4(201 1130 221 1080)
4(202 1180 222 1130)
4(203 1230 223 1180)
4(204 1280 224 1230)
4(205 1330 225 1280)
4(206 1380 226 1330)
4(207 1430 227 1380)
4(208 1480 228 1430)
4(209 1530 229 1480)
4(210 1580 230 1530)
4(211 1630 231 1580)
4(212 1680 232 1630)
4(213 1730 233 1680)
4(214 1780 234 1730)
4(215 1830 235 1780)
4(216 1880 236 1830)
4(217 1930 237 1880)
4(218 1980 238 1930)
4(219 2030 239 1980)
4(220 1081 240 1031)
4(221 1131 241 1081)
4(222 1181 242 1131)
4(223 1231 243 1181)
4(224 1281 244 1231)
4(225 1331 245 1281)
4(226 1381 246 1331)
4(227 1431 247 1381)
4(228 1481 248 1431)
4(229 1531 249 1481)
4(230 1581 250 1531)
4(231 1631 251 1581)
4(232 1681 252 1631)
4(233 1731 253 1681)
4(234 1781 254 1731)
4(235 1831 255 1781)
4(236 1881 256 1831)
4(237 1931 257 1881)
4(238 1981 258 1931)
4(239 2031 259 1981)
4(240 1082 260 1032)
4(241 1132 261 1082)
4(242 1182 262 1132)
4(243 1232 263 1182)
4(244 1282 264 1232)
4(245 1332 265 1282)
4(246 1382 266 1332)
4(247 1432 267 1382)
4(248 1482 268 1432)
4(249 1532 269 1482)
4(250 1582 270 1532)
4(251 1632 271 1582)
4(252 1682 272 1632)
4(253 1732 273 1682)
4(254 1782 274 1732)
4(255 1832 275 1782)
4(256 1882 276 1832)
4(257 1932 277 1882)
4(258 1982 278 1932)
4(259 2032 279 1982)
4(260 1083 280 1033)
4(261 1133 281 1083)
4(262 1183 282 1133)
4(263 1233 283 1183)
4(264 1283 284 1233)
4(265 1333 285 1283)
4(266 1383 286 1333)
4(267 1433 287 1383)
4(268 1483 288 1433)
4(269 1533 289 1483)
4(270 1583 290 1533)
4(271 1633 291 1583)
4(272 1683 292 1633)
4(273 1733 293 1683)
4(274 1783 294 1733)
4(275 1833 295 1783)
4(276 1883 296 1833)
4(277 1933 297 1883)
4(278 1983 298 1933)
4(279 2033 299 1983)
4(280 1084 300 1034)
4(281 1134 301 1084)
4(282 1184 302 1134)
4(283 1234 303 1184)
4(284 1284 304 1234)
4(285 1334 305 1284)
4(286 1384 306 1334)
4(287 1434 307 1384)
4(288 1484 308 1434)
4(289 1534 309 1484)
4(290 1584 310 1534)
4(291 1634 311 1584)
4(292 1684 312 1634)
4(293 1734 313 1684)
4(294 1784 314 1734)
4(295 1834 315 1784)
4(296 1884 316 1834)
4(297 1934 317 1884)
4(298 1984 318 1934)
4(299 2034 319 1984)
4(300 1085 320 1035)
4(301 1135 321 1085)
4(302 1185 322 1135)
4(303 1235 323 1185)
4(304 1285 324 1235)
4(305 1335 325 1285)
4(306 1385 326 1335)
4(307 1435 327 1385)
4(308 1485 328 1435)
4(309 1535 329 1485)
4(310 1585 330 1535)
4(311 1635 331 1585)
4(312 1685 332 1635)
4(313 1735 333 1685)
4(314 1785 334 1735)
4(315 1835 335 1785)
4(316 1885 336 1835)
4(317 1935 337 1885)
4(318 1985 338 1935)
4(319 2035 339 1985)
4(320 1086 340 1036)
4(321 1136 341 1086)
4(322 1186 342 1136)
4(323 1236 343 1186)
4(324 1286 344 1236)
4(325 1336 345 1286)
4(326 1386 346 1336)
4(327 1436 347 1386)
4(328 1486 348 1436)
4(329 1536 349 1486)
4(330 1586 350 1536)
4(331 1636 351 1586)
4(332 1686 352 1636)
4(333 1736 353 1686)
4(334 1786 354 1736)
4(335 1836 355 1786)
4(336 1886 356 1836)
4(337 1936 357 1886)
4(338 1986 358 1936)
4(339 2036 359 1986)
4(340 1087 360 1037)
4(341 1137 361 1087)
4(342 1187 362 1137)
4(343 1237 363 1187)
4(344 1287 364 1237)
4(345 1337 365 1287)
4(346 1387 366 1337)
4(347 1437 367 1387)
4(348 1487 368 1437)
4(349 1537 369 1487)
4(350 1587 370 1537)
4(351 1637 371 1587)
4(352 1687 372 1637)
4(353 1737 373 1687)
4(354 1787 374 1737)
4(355 1837 375 1787)
4(356 1887 376 1837)
4(357 1937 377 1887)
4(358 1987 378 1937)
4(359 2037 379 1987)
4(360 1088 380 1038)
4(361 1138 381 1088)
4(362 1188 382 1138)
4(363 1238 383 1188)
4(364 1288 384 1238)
4(365 1338 385 1288)
4(366 1388 386 1338)
4(367 1438 387 1388)
4(368 1488 388 1438)
4(369 1538 389 1488)
4(370 1588 390 1538)
4(371 1638 391 1588)
4(372 1688 392 1638)
4(373 1738 393 1688)
4(374 1788 394 1738)
4(375 1838 395 1788)
4(376 1888 396 1838)
4(377 1938 397 1888)
4(378 1988 398 1938)
4(379 2038 399 1988)
4(380 1089 400 1039)
4(381 1139 401 1089)
4(382 1189 402 1139)
4(383 1239 403 1189)
4(384 1289 404 1239)
4(385 1339 405 1289)
4(386 1389 406 1339)
4(387 1439 407 1389)
4(388 1489 408 1439)
4(389 1539 409 1489)
4(390 1589 410 1539)
4(391 1639 411 1589)
4(392 1689 412 1639)
4(393 1739 413 1689)
4(394 1789 414 1739)
4(395 1839 415 1789)
4(396 1889 416 1839)
4(397 1939 417 1889)
4(398 1989 418 1939)
4(399 2039 419 1989)
4(400 1090 420 1040)
4(401 1140 421 1090)
4(402 1190 422 1140)
4(403 1240 423 1190)
4(404 1290 424 1240)
4(405 1340 425 1290)
4(406 1390 426 1340)
4(407 1440 427 1390)
4(408 1490 428 1440)
4(409 1540 429 1490)
4(410 1590 430 1540)
4(411 1640 431 1590)
4(412 1690 432 1640)
4(413 1740 433 1690)
4(414 1790 434 1740)
4(415 1840 435 1790)
4(416 1890 436 1840)
4(417 1940 437 1890)
4(418 1990 438 1940)
4(419 2040 439 1990)
4(420 1091 440 1041)
4(421 1141 441 1091)
4(422 1191 442 1141)
4(423 1241 443 1191)
4(424 1291 444 1241)
4(425 1341 445 1291)
4(426 1391 446 1341)
4(427 1441 447 1391)
4(428 1491 448 1441)
4(429 1541 449 1491)
4(430 1591 450 1541)
4(431 1641 451 1591)
4(432 1691 452 1641)
4(433 1741 453 1691)
4(434 1791 454 1741)
4(435 1841 455 1791)
4(436 1891 456 1841)
4(437 1941 457 1891)
4(438 1991 458 1941)
4(439 2041 459 1991)
4(440 1092 460 1042)
4(441 1142 461 1092)
4(442 1192 462 1142)
4(443 1242 463 1192)
4(444 1292 464 1242)
4(445 1342 465 1292)
4(446 1392 466 1342)
4(447 1442 467 1392)
4(448 1492 468 1442)
4(449 1542 469 1492)
4(450 1592 470 1542)
4(451 1642 471 1592)
4(452 1692 472 1642)
4(453 1742 473 1692)
4(454 1792 474 1742)
4(455 1842 475 1792)
4(456 1892 476 1842)
4(457 1942 477 1892)
4(458 1992 478 1942)
4(459 2042 479 1992)
4(460 1093 480 1043)
4(461 1143 481 1093)
4(462 1193 482 1143)
4(463 1243 483 1193)
4(464 1293 484 1243)
4(465 1343 485 1293)
4(466 1393 486 1343)
4(467 1443 487 1393)
4(468 1493 488 1443)
4(469 1543 489 1493)
4(470 1593 490 1543)
4(471 1643 491 1593)
4(472 1693 492 1643)
4(473 1743 493 1693)
4(474 1793 494 1743)
4(475 1843 495 1793)
4(476 1893 496 1843)
4(477 1943 497 1893)
4(478 1993 498 1943)
4(479 2043 499 1993)
4(480 1094 500 1044)
4(481 1144 501 1094)
4(482 1194 502 1144)
4(483 1244 503 1194)
4(484 1294 504 1244)
4(485 1344 505 1294)
4(486 1394 506 1344)
4(487 1444 507 1394)
4(488 1494 508 1444)
4(489 1544 509 1494)
4(490 1594 510 1544)
4(491 1644 511 1594)
4(492 1694 512 1644)
4(493 1744 513 1694)
4(494 1794 514 1744)
4(495 1844 515 1794)
4(496 1894 516 1844)
4(497 1944 517 1894)
4(498 1994 518 1944)
4(499 2044 519 1994)
4(500 1095 520 1045)
4(501 1145 521 1095)
4(502 1195 522 1145)
4(503 1245 523 1195)
4(504 1295 524 1245)
4(505 1345 525 1295)
4(506 1395 526 1345)
4(507 1445 527 1395)
4(508 1495 528 1445)
4(509 1545 529 1495)
4(510 1595 530 1545)
4(511 1645 531 1595)
4(512 1695 532 1645)
4(513 1745 533 1695)
4(514 1795 534 1745)
4(515 1845 535 1795)
4(516 1895 536 1845)
4(517 1945 537 1895)
4(518 1995 538 1945)
4(519 2045 539 1995)
4(520 1096 540 1046)
4(521 1146 541 1096)
4(522 1196 542 1146)
4(523 1246 543 1196)
4(524 1296 544 1246)
4(525 1346 545 1296)
4(526 1396 546 1346)
4(527 1446 547 1396)
4(528 1496 548 1446)
4(529 1546 549 1496)
4(530 1596 550 1546)
4(531 1646 551 1596)
4(532 1696 552 1646)
4(533 1746 553 1696)
4(534 1796 554 1746)
4(535 1846 555 1796)
4(536 1896 556 1846)
4(537 1946 557 1896)
4(538 1996 558 1946)
4(539 2046 559 1996)
4(540 1097 560 1047)
4(541 1147 561 1097)
4(542 1197 562 1147)
4(543 1247 563 1197)
4(544 1297 564 1247)
4(545 1347 565 1297)
4(546 1397 566 1347)
4(547 1447 567 1397)
4(548 1497 568 1447)
4(549 1547 569 1497)
4(550 1597 570 1547)
4(551 1647 571 1597)
4(552 1697 572 1647)
4(553 1747 573 1697)
4(554 1797 574 1747)
4(555 1847 575 1797)
4(556 1897 576 1847)
4(557 1947 577 1897)
4(558 1997 578 1947)
4(559 2047 579 1997)
4(560 1098 580 1048)
4(561 1148 581 1098)
4(562 1198 582 1148)
4(563 1248 583 1198)
4(564 1298 584 1248)
4(565 1348 585 1298)
4(566 1398 586 1348)
4(567 1448 587 1398)
4(568 1498 588 1448)
4(569 1548 589 1498)
4(570 1598 590 1548)
4(571 1648 591 1598)
4(572 1698 592 1648)
4(573 1748 593 1698)
4(574 1798 594 1748)
4(575 1848 595 1798)
4(576 1898 596 1848)
4(577 1948 597 1898)
4(578 1998 598 1948)
4(579 2048 599 1998)
4(580 1099 600 1049)
4(581 1149 601 1099)
4(582 1199 602 1149)
4(583 1249 603 1199)
4(584 1299 604 1249)
4(585 1349 605 1299)
4(586 1399 606 1349)
4(587 1449 607 1399)
4(588 1499 608 1449)
4(589 1549 609 1499)
4(590 1599 610 1549)
4(591 1649 611 1599)
4(592 1699 612 1649)
4(593 1749 613 1699)
4(594 1799 614 1749)
4(595 1849 615 1799)
4(596 1899 616 1849)
4(597 1949 617 1899)
4(598 1999 618 1949)
4(599 2049 619 1999)
4(600 1100 620 1050)
4(601 1150 621 1100)
4(602 1200 622 1150)
4(603 1250 623 1200)
4(604 1300 624 1250)
4(605 1350 625 1300)
4(606 1400 626 1350)
4(607 1450 627 1400)
4(608 1500 628 1450)
4(609 1550 629 1500)
4(610 1600 630 1550)
4(611 1650 631 1600)
4(612 1700 632 1650)
4(613 1750 633 1700)
4(614 1800 634 1750)
4(615 1850 635 1800)
4(616 1900 636 1850)
4(617 1950 637 1900)
4(618 2000 638 1950)
4(619 2050 639 2000)
4(620 1101 640 1051)
4(621 1151 641 1101)
4(622 1201 642 1151)
4(623 1251 643 1201)
4(624 1301 644 1251)
4(625 1351 645 1301)
4(626 1401 646 1351)
4(627 1451 647 1401)
4(628 1501 648 1451)
4(629 1551 649 1501)
4(630 1601 650 1551)
4(631 1651 651 1601)
4(632 1701 652 1651)
4(633 1751 653 1701)
4(634 1801 654 1751)
4(635 1851 655 1801)
4(636 1901 656 1851)
4(637 1951 657 1901)
4(638 2001 658 1951)
4(639 2051 659 2001)
4(640 1102 660 1052)
4(641 1152 661 1102)
4(642 1202 662 1152)
4(643 1252 663 1202)
4(644 1302 664 1252)
4(645 1352 665 1302)
4(646 1402 666 1352)
4(647 1452 667 1402)
4(648 1502 668 1452)
4(649 1552 669 1502)
4(650 1602 670 1552)
4(651 1652 671 1602)
4(652 1702 672 1652)
4(653 1752 673 1702)
4(654 1802 674 1752)
4(655 1852 675 1802)
4(656 1902 676 1852)
4(657 1952 677 1902)
4(658 2002 678 1952)
4(659 2052 679 2002)
4(660 1103 680 1053)
4(661 1153 681 1103)
4(662 1203 682 1153)
4(663 1253 683 1203)
4(664 1303 684 1253)
4(665 1353 685 1303)
4(666 1403 686 1353)
4(667 1453 687 1403)
4(668 1503 688 1453)
4(669 1553 689 1503)
4(670 1603 690 1553)
4(671 1653 691 1603)
4(672 1703 692 1653)
4(673 1753 693 1703)
4(674 1803 694 1753)
4(675 1853 695 1803)
4(676 1903 696 1853)
4(677 1953 697 1903)
4(678 2003 698 1953)
4(679 2053 699 2003)
4(680 1104 700 1054)
4(681 1154 701 1104)
4(682 1204 702 1154)
4(683 1254 703 1204)
4(684 1304 704 1254)
4(685 1354 705 1304)
4(686 1404 706 1354)
4(687 1454 707 1404)
4(688 1504 708 1454)
4(689 1554 709 1504)
4(690 1604 710 1554)
4(691 1654 711 1604)
4(692 1704 712 1654)
4(693 1754 713 1704)
4(694 1804 714 1754)
4(695 1854 715 1804)
4(696 1904 716 1854)
4(697 1954 717 1904)
4(698 2004 718 1954)
4(699 2054 719 2004)
4(700 1105 720 1055)
4(701 1155 721 1105)
4(702 1205 722 1155)
4(703 1255 723 1205)
4(704 1305 724 1255)
4(705 1355 725 1305)
4(706 1405 726 1355)
4(707 1455 727 1405)
4(708 1505 728 1455)
4(709 1555 729 1505)
4(710 1605 730 1555)
4(711 1655 731 1605)
4(712 1705 732 1655)
4(713 1755 733 1705)
4(714 1805 734 1755)
4(715 1855 735 1805)
4(716 1905 736 1855)
4(717 1955 737 1905)
4(718 2005 738 1955)
4(719 2055 739 2005)
4(720 1106 740 1056)
4(721 1156 741 1106)
4(722 1206 742 1156)
4(723 1256 743 1206)
4(724 1306 744 1256)
4(725 1356 745 1306)
4(726 1406 746 1356)
4(727 1456 747 1406)
4(728 1506 748 1456)
4(729 1556 749 1506)
4(730 1606 750 1556)
4(731 1656 751 1606)
4(732 1706 752 1656)
4(733 1756 753 1706)
4(734 1806 754 1756)
4(735 1856 755 1806)
4(736 1906 756 1856)
4(737 1956 757 1906)
4(738 2006 758 1956)
4(739 2056 759 2006)
4(740 1107 760 1057)
4(741 1157 761 1107)
4(742 1207 762 1157)
4(743 1257 763 1207)
4(744 1307 764 1257)
4(745 1357 765 1307)
4(746 1407 766 1357)
4(747 1457 767 1407)
4(748 1507 768 1457)
4(749 1557 769 1507)
4(750 1607 770 1557)
4(751 1657 771 1607)
4(752 1707 772 1657)
4(753 1757 773 1707)
4(754 1807 774 1757)
4(755 1857 775 1807)
4(756 1907 776 1857)
4(757 1957 777 1907)
4(758 2007 778 1957)
4(759 2057 779 2007)
4(760 1108 780 1058)
4(761 1158 781 1108)
4(762 1208 782 1158)
4(763 1258 783 1208)
4(764 1308 784 1258)
4(765 1358 785 1308)
4(766 1408 786 1358)
4(767 1458 787 1408)
4(768 1508 788 1458)
4(769 1558 789 1508)
4(770 1608 790 1558)
4(771 1658 791 1608)
4(772 1708 792 1658)
4(773 1758 793 1708)
4(774 1808 794 1758)
4(775 1858 795 1808)
4(776 1908 796 1858)
4(777 1958 797 1908)
4(778 2008 798 1958)
4(779 2058 799 2008)
4(780 1109 800 1059)
4(781 1159 801 1109)
4(782 1209 802 1159)
4(783 1259 803 1209)
4(784 1309 804 1259)
4(785 1359 805 1309)
4(786 1409 806 1359)
4(787 1459 807 1409)
4(788 1509 808 1459)
4(789 1559 809 1509)
4(790 1609 810 1559)
4(791 1659 811 1609)
4(792 1709 812 1659)
4(793 1759 813 1709)
4(794 1809 814 1759)
4(795 1859 815 1809)
4(796 1909 816 1859)
4(797 1959 817 1909)
4(798 2009 818 1959)
4(799 2059 819 2009)
4(800 1110 820 1060)
4(801 1160 821 1110)
4(802 1210 822 1160)
4(803 1260 823 1210)
4(804 1310 824 1260)
4(805 1360 825 1310)
4(806 1410 826 1360)
4(807 1460 827 1410)
4(808 1510 828 1460)
4(809 1560 829 1510)
4(810 1610 830 1560)
4(811 1660 831 1610)
4(812 1710 832 1660)
4(813 1760 833 1710)
4(814 1810 834 1760)
4(815 1860 835 1810)
4(816 1910 836 1860)
4(817 1960 837 1910)
4(818 2010 838 1960)
4(819 2060 839 2010)
4(820 1111 840 1061)
4(821 1161 841 1111)
4(822 1211 842 1161)
4(823 1261 843 1211)
4(824 1311 844 1261)
4(825 1361 845 1311)
4(826 1411 846 1361)
4(827 1461 847 1411)
4(828 1511 848 1461)
4(829 1561 849 1511)
4(830 1611 850 1561)
4(831 1661 851 1611)
4(832 1711 852 1661)
4(833 1761 853 1711)
4(834 1811 854 1761)
4(835 1861 855 1811)
4(836 1911 856 1861)
4(837 1961 857 1911)
4(838 2011 858 1961)
4(839 2061 859 2011)
4(840 1112 860 1062)
4(841 1162 861 1112)
4(842 1212 862 1162)
4(843 1262 863 1212)
4(844 1312 864 1262)
4(845 1362 865 1312)
4(846 1412 866 1362)
4(847 1462 867 1412)
4(848 1512 868 1462)
4(849 1562 869 1512)
4(850 1612 870 1562)
4(851 1662 871 1612)
4(852 1712 872 1662)
4(853 1762 873 1712)
4(854 1812 874 1762)
4(855 1862 875 1812)
4(856 1912 876 1862)
4(857 1962 877 1912)
4(858 2012 878 1962)
4(859 2062 879 2012)
4(860 1113 880 1063)
4(861 1163 881 1113)
4(862 1213 882 1163)
4(863 1263 883 1213)
4(864 1313 884 1263)
4(865 1363 885 1313)
4(866 1413 886 1363)
4(867 1463 887 1413)
4(868 1513 888 1463)
4(869 1563 889 1513)
4(870 1613 890 1563)
4(871 1663 891 1613)
4(872 1713 892 1663)
4(873 1763 893 1713)
4(874 1813 894 1763)
4(875 1863 895 1813)
4(876 1913 896 1863)
4(877 1963 897 1913)
4(878 2013 898 1963)
4(879 2063 899 2013)
4(880 1114 900 1064)
4(881 1164 901 1114)
4(882 1214 902 1164)
4(883 1264 903 1214)
4(884 1314 904 1264)
4(885 1364 905 1314)
4(886 1414 906 1364)
4(887 1464 907 1414)
4(888 1514 908 1464)
4(889 1564 909 1514)
4(890 1614 910 1564)
4(891 1664 911 1614)
4(892 1714 912 1664)
4(893 1764 913 1714)
4(894 1814 914 1764)
4(895 1864 915 1814)
4(896 1914 916 1864)
4(897 1964 917 1914)
4(898 2014 918 1964)
4(899 2064 919 2014)
4(900 1115 920 1065)
4(901 1165 921 1115)
4(902 1215 922 1165)
4(903 1265 923 1215)
4(904 1315 924 1265)
4(905 1365 925 1315)
4(906 1415 926 1365)
4(907 1465 927 1415)
4(908 1515 928 1465)
4(909 1565 929 1515)
4(910 1615 930 1565)
4(911 1665 931 1615)
4(912 1715 932 1665)
4(913 1765 933 1715)
4(914 1815 934 1765)
4(915 1865 935 1815)
4(916 1915 936 1865)
4(917 1965 937 1915)
4(918 2015 938 1965)
4(919 2065 939 2015)
4(920 1116 940 1066)
4(921 1166 941 1116)
4(922 1216 942 1166)
4(923 1266 943 1216)
4(924 1316 944 1266)
4(925 1366 945 1316)
4(926 1416 946 1366)
4(927 1466 947 1416)
4(928 1516 948 1466)
4(929 1566 949 1516)
4(930 1616 950 1566)
4(931 1666 951 1616)
4(932 1716 952 1666)
4(933 1766 953 1716)
4(934 1816 954 1766)
4(935 1866 955 1816)
4(936 1916 956 1866)
4(937 1966 957 1916)
4(938 2016 958 1966)
4(939 2066 959 2016)
4(940 1117 960 1067)
4(941 1167 961 1117)
4(942 1217 962 1167)
4(943 1267 963 1217)
4(944 1317 964 1267)
4(945 1367 965 1317)
4(946 1417 966 1367)
4(947 1467 967 1417)
4(948 1517 968 1467)
4(949 1567 969 1517)
4(950 1617 970 1567)
4(951 1667 971 1617)
4(952 1717 972 1667)
4(953 1767 973 1717)
4(954 1817 974 1767)
4(955 1867 975 1817)
4(956 1917 976 1867)
4(957 1967 977 1917)
4(958 2017 978 1967)
4(959 2067 979 2017)
4(960 1118 980 1068)
4(961 1168 981 1118)
4(962 1218 982 1168)
4(963 1268 983 1218)
4(964 1318 984 1268)
4(965 1368 985 1318)
4(966 1418 986 1368)
4(967 1468 987 1418)
4(968 1518 988 1468)
4(969 1568 989 1518)
4(970 1618 990 1568)
4(971 1668 991 1618)
4(972 1718 992 1668)
4(973 1768 993 1718)
4(974 1818 994 1768)
4(975 1868 995 1818)
4(976 1918 996 1868)
4(977 1968 997 1918)
4(978 2018 998 1968)
4(979 2068 999 2018)
4(980 1119 1000 1069)
4(981 1169 1001 1119)
4(982 1219 1002 1169)
4(983 1269 1003 1219)
4(984 1319 1004 1269)
4(985 1369 1005 1319)
4(986 1419 1006 1369)
4(987 1469 1007 1419)
4(988 1519 1008 1469)
4(989 1569 1009 1519)
4(990 1619 1010 1569)
4(991 1669 1011 1619)
4(992 1719 1012 1669)
4(993 1769 1013 1719)
4(994 1819 1014 1769)
4(995 1869 1015 1819)
4(996 1919 1016 1869)
4(997 1969 1017 1919)
4(998 2019 1018 1969)
4(999 2069 1019 2019)
)
