2070
(
2(0 1)
2(1 2)
2(2 3)
2(3 4)
2(4 5)
2(5 6)
2(6 7)
2(7 8)
2(8 9)
2(9 10)
2(10 11)
2(11 12)
2(12 13)
2(13 14)
2(14 15)
2(15 16)
2(16 17)
2(17 18)
2(18 19)
2(19 20)
2(21 22)
2(22 23)
2(23 24)
2(24 25)
2(25 26)
2(26 27)
2(27 28)
2(28 29)
2(29 30)
2(30 31)
2(31 32)
2(32 33)
2(33 34)
2(34 35)
2(35 36)
2(36 37)
2(37 38)
2(38 39)
2(39 40)
2(40 41)
2(42 43)
2(43 44)
2(44 45)
2(45 46)
2(46 47)
2(47 48)
2(48 49)
2(49 50)
2(50 51)
2(51 52)
2(52 53)
2(53 54)
2(54 55)
2(55 56)
2(56 57)
2(57 58)
2(58 59)
2(59 60)
2(60 61)
2(61 62)
2(63 64)
2(64 65)
2(65 66)
2(66 67)
2(67 68)
2(68 69)
2(69 70)
2(70 71)
2(71 72)
2(72 73)
2(73 74)
2(74 75)
2(75 76)
2(76 77)
2(77 78)
2(78 79)
2(79 80)
2(80 81)
2(81 82)
2(82 83)
2(84 85)
2(85 86)
2(86 87)
2(87 88)
2(88 89)
2(89 90)
2(90 91)
2(91 92)
2(92 93)
2(93 94)
2(94 95)
2(95 96)
2(96 97)
2(97 98)
2(98 99)
2(99 100)
2(100 101)
2(101 102)
2(102 103)
2(103 104)
2(105 106)
2(106 107)
2(107 108)
2(108 109)
2(109 110)
2(110 111)
2(111 112)
2(112 113)
2(113 114)
2(114 115)
2(115 116)
2(116 117)
2(117 118)
2(118 119)
2(119 120)
2(120 121)
2(121 122)
2(122 123)
2(123 124)
2(124 125)
2(126 127)
2(127 128)
2(128 129)
2(129 130)
2(130 131)
2(131 132)
2(132 133)
2(133 134)
2(134 135)
2(135 136)
2(136 137)
2(137 138)
2(138 139)
2(139 140)
2(140 141)
2(141 142)
2(142 143)
2(143 144)
2(144 145)
2(145 146)
2(147 148)
2(148 149)
2(149 150)
2(150 151)
2(151 152)
2(152 153)
2(153 154)
2(154 155)
2(155 156)
2(156 157)
2(157 158)
2(158 159)
2(159 160)
2(160 161)
2(161 162)
2(162 163)
2(163 164)
2(164 165)
2(165 166)
2(166 167)
2(168 169)
2(169 170)
2(170 171)
2(171 172)
2(172 173)
2(173 174)
2(174 175)
2(175 176)
2(176 177)
2(177 178)
2(178 179)
2(179 180)
2(180 181)
2(181 182)
2(182 183)
2(183 184)
2(184 185)
2(185 186)
2(186 187)
2(187 188)
2(189 190)
2(190 191)
2(191 192)
2(192 193)
2(193 194)
2(194 195)
2(195 196)
2(196 197)
2(197 198)
2(198 199)
2(199 200)
2(200 201)
2(201 202)
2(202 203)
2(203 204)
2(204 205)
2(205 206)
2(206 207)
2(207 208)
2(208 209)
2(210 211)
2(211 212)
2(212 213)
2(213 214)
2(214 215)
2(215 216)
2(216 217)
2(217 218)
2(218 219)
2(219 220)
2(220 221)
2(221 222)
2(222 223)
2(223 224)
2(224 225)
2(225 226)
2(226 227)
2(227 228)
2(228 229)
2(229 230)
2(231 232)
2(232 233)
2(233 234)
2(234 235)
2(235 236)
2(236 237)
2(237 238)
2(238 239)
2(239 240)
2(240 241)
2(241 242)
2(242 243)
2(243 244)
2(244 245)
2(245 246)
2(246 247)
2(247 248)
2(248 249)
2(249 250)
2(250 251)
2(252 253)
2(253 254)
2(254 255)
2(255 256)
2(256 257)
2(257 258)
2(258 259)
2(259 260)
2(260 261)
2(261 262)
2(262 263)
2(263 264)
2(264 265)
2(265 266)
2(266 267)
2(267 268)
2(268 269)
2(269 270)
2(270 271)
2(271 272)
2(273 274)
2(274 275)
2(275 276)
2(276 277)
2(277 278)
2(278 279)
2(279 280)
2(280 281)
2(281 282)
2(282 283)
2(283 284)
2(284 285)
2(285 286)
2(286 287)
2(287 288)
2(288 289)
2(289 290)
2(290 291)
2(291 292)
2(292 293)
2(294 295)
2(295 296)
2(296 297)
2(297 298)
2(298 299)
2(299 300)
2(300 301)
2(301 302)
2(302 303)
2(303 304)
2(304 305)
2(305 306)
2(306 307)
2(307 308)
2(308 309)
2(309 310)
2(310 311)
2(311 312)
2(312 313)
2(313 314)
2(315 316)
2(316 317)
2(317 318)
2(318 319)
2(319 320)
2(320 321)
2(321 322)
2(322 323)
2(323 324)
2(324 325)
2(325 326)
2(326 327)
2(327 328)
2(328 329)
2(329 330)
2(330 331)
2(331 332)
2(332 333)
2(333 334)
2(334 335)
2(336 337)
2(337 338)
2(338 339)
2(339 340)
2(340 341)
2(341 342)
2(342 343)
2(343 344)
2(344 345)
2(345 346)
2(346 347)
2(347 348)
2(348 349)
2(349 350)
2(350 351)
2(351 352)
2(352 353)
2(353 354)
2(354 355)
2(355 356)
2(357 358)
2(358 359)
2(359 360)
2(360 361)
2(361 362)
2(362 363)
2(363 364)
2(364 365)
2(365 366)
2(366 367)
2(367 368)
2(368 369)
2(369 370)
2(370 371)
2(371 372)
2(372 373)
2(373 374)
2(374 375)
2(375 376)
2(376 377)
2(378 379)
2(379 380)
2(380 381)
2(381 382)
2(382 383)
2(383 384)
2(384 385)
2(385 386)
2(386 387)
2(387 388)
2(388 389)
2(389 390)
2(390 391)
2(391 392)
2(392 393)
2(393 394)
2(394 395)
2(395 396)
2(396 397)
2(397 398)
2(399 400)
2(400 401)
2(401 402)
2(402 403)
2(403 404)
2(404 405)
2(405 406)
2(406 407)
2(407 408)
2(408 409)
2(409 410)
2(410 411)
2(411 412)
2(412 413)
2(413 414)
2(414 415)
2(415 416)
2(416 417)
2(417 418)
2(418 419)
2(420 421)
2(421 422)
2(422 423)
2(423 424)
2(424 425)
2(425 426)
2(426 427)
2(427 428)
2(428 429)
2(429 430)
2(430 431)
2(431 432)
2(432 433)
2(433 434)
2(434 435)
2(435 436)
2(436 437)
2(437 438)
2(438 439)
2(439 440)
2(441 442)
2(442 443)
2(443 444)
2(444 445)
2(445 446)
2(446 447)
2(447 448)
2(448 449)
2(449 450)
2(450 451)
2(451 452)
2(452 453)
2(453 454)
2(454 455)
2(455 456)
2(456 457)
2(457 458)
2(458 459)
2(459 460)
2(460 461)
2(462 463)
2(463 464)
2(464 465)
2(465 466)
2(466 467)
2(467 468)
2(468 469)
2(469 470)
2(470 471)
2(471 472)
2(472 473)
2(473 474)
2(474 475)
2(475 476)
2(476 477)
2(477 478)
2(478 479)
2(479 480)
2(480 481)
2(481 482)
2(483 484)
2(484 485)
2(485 486)
2(486 487)
2(487 488)
2(488 489)
2(489 490)
2(490 491)
2(491 492)
2(492 493)
2(493 494)
2(494 495)
2(495 496)
2(496 497)
2(497 498)
2(498 499)
2(499 500)
2(500 501)
2(501 502)
2(502 503)
2(504 505)
2(505 506)
2(506 507)
2(507 508)
2(508 509)
2(509 510)
2(510 511)
2(511 512)
2(512 513)
2(513 514)
2(514 515)
2(515 516)
2(516 517)
2(517 518)
2(518 519)
2(519 520)
2(520 521)
2(521 522)
2(522 523)
2(523 524)
2(525 526)
2(526 527)
2(527 528)
2(528 529)
2(529 530)
2(530 531)
2(531 532)
2(532 533)
2(533 534)
2(534 535)
2(535 536)
2(536 537)
2(537 538)
2(538 539)
2(539 540)
2(540 541)
2(541 542)
2(542 543)
2(543 544)
2(544 545)
2(546 547)
2(547 548)
2(548 549)
2(549 550)
2(550 551)
2(551 552)
2(552 553)
2(553 554)
2(554 555)
2(555 556)
2(556 557)
2(557 558)
2(558 559)
2(559 560)
2(560 561)
2(561 562)
2(562 563)
2(563 564)
2(564 565)
2(565 566)
2(567 568)
2(568 569)
2(569 570)
2(570 571)
2(571 572)
2(572 573)
2(573 574)
2(574 575)
2(575 576)
2(576 577)
2(577 578)
2(578 579)
2(579 580)
2(580 581)
2(581 582)
2(582 583)
2(583 584)
2(584 585)
2(585 586)
2(586 587)
2(588 589)
2(589 590)
2(590 591)
2(591 592)
2(592 593)
2(593 594)
2(594 595)
2(595 596)
2(596 597)
2(597 598)
2(598 599)
2(599 600)
2(600 601)
2(601 602)
2(602 603)
2(603 604)
2(604 605)
2(605 606)
2(606 607)
2(607 608)
2(609 610)
2(610 611)
2(611 612)
2(612 613)
2(613 614)
2(614 615)
2(615 616)
2(616 617)
2(617 618)
2(618 619)
2(619 620)
2(620 621)
2(621 622)
2(622 623)
2(623 624)
2(624 625)
2(625 626)
2(626 627)
2(627 628)
2(628 629)
2(630 631)
2(631 632)
2(632 633)
2(633 634)
2(634 635)
2(635 636)
2(636 637)
2(637 638)
2(638 639)
2(639 640)
2(640 641)
2(641 642)
2(642 643)
2(643 644)
2(644 645)
2(645 646)
2(646 647)
2(647 648)
2(648 649)
2(649 650)
2(651 652)
2(652 653)
2(653 654)
2(654 655)
2(655 656)
2(656 657)
2(657 658)
2(658 659)
2(659 660)
2(660 661)
2(661 662)
2(662 663)
2(663 664)
2(664 665)
2(665 666)
2(666 667)
2(667 668)
2(668 669)
2(669 670)
2(670 671)
2(672 673)
2(673 674)
2(674 675)
2(675 676)
2(676 677)
2(677 678)
2(678 679)
2(679 680)
2(680 681)
2(681 682)
2(682 683)
2(683 684)
2(684 685)
2(685 686)
2(686 687)
2(687 688)
2(688 689)
2(689 690)
2(690 691)
2(691 692)
2(693 694)
2(694 695)
2(695 696)
2(696 697)
2(697 698)
2(698 699)
2(699 700)
2(700 701)
2(701 702)
2(702 703)
2(703 704)
2(704 705)
2(705 706)
2(706 707)
2(707 708)
2(708 709)
2(709 710)
2(710 711)
2(711 712)
2(712 713)
2(714 715)
2(715 716)
2(716 717)
2(717 718)
2(718 719)
2(719 720)
2(720 721)
2(721 722)
2(722 723)
2(723 724)
2(724 725)
2(725 726)
2(726 727)
2(727 728)
2(728 729)
2(729 730)
2(730 731)
2(731 732)
2(732 733)
2(733 734)
2(735 736)
2(736 737)
2(737 738)
2(738 739)
2(739 740)
2(740 741)
2(741 742)
2(742 743)
2(743 744)
2(744 745)
2(745 746)
2(746 747)
2(747 748)
2(748 749)
2(749 750)
2(750 751)
2(751 752)
2(752 753)
2(753 754)
2(754 755)
2(756 757)
2(757 758)
2(758 759)
2(759 760)
2(760 761)
2(761 762)
2(762 763)
2(763 764)
2(764 765)
2(765 766)
2(766 767)
2(767 768)
2(768 769)
2(769 770)
2(770 771)
2(771 772)
2(772 773)
2(773 774)
2(774 775)
2(775 776)
2(777 778)
2(778 779)
2(779 780)
2(780 781)
2(781 782)
2(782 783)
2(783 784)
2(784 785)
2(785 786)
2(786 787)
2(787 788)
2(788 789)
2(789 790)
2(790 791)
2(791 792)
2(792 793)
2(793 794)
2(794 795)
2(795 796)
2(796 797)
2(798 799)
2(799 800)
2(800 801)
2(801 802)
2(802 803)
2(803 804)
2(804 805)
2(805 806)
2(806 807)
2(807 808)
2(808 809)
2(809 810)
2(810 811)
2(811 812)
2(812 813)
2(813 814)
2(814 815)
2(815 816)
2(816 817)
2(817 818)
2(819 820)
2(820 821)
2(821 822)
2(822 823)
2(823 824)
2(824 825)
2(825 826)
2(826 827)
2(827 828)
2(828 829)
2(829 830)
2(830 831)
2(831 832)
2(832 833)
2(833 834)
2(834 835)
2(835 836)
2(836 837)
2(837 838)
2(838 839)
2(840 841)
2(841 842)
2(842 843)
2(843 844)
2(844 845)
2(845 846)
2(846 847)
2(847 848)
2(848 849)
2(849 850)
2(850 851)
2(851 852)
2(852 853)
2(853 854)
2(854 855)
2(855 856)
2(856 857)
2(857 858)
2(858 859)
2(859 860)
2(861 862)
2(862 863)
2(863 864)
2(864 865)
2(865 866)
2(866 867)
2(867 868)
2(868 869)
2(869 870)
2(870 871)
2(871 872)
2(872 873)
2(873 874)
2(874 875)
2(875 876)
2(876 877)
2(877 878)
2(878 879)
2(879 880)
2(880 881)
2(882 883)
2(883 884)
2(884 885)
2(885 886)
2(886 887)
2(887 888)
2(888 889)
2(889 890)
2(890 891)
2(891 892)
2(892 893)
2(893 894)
2(894 895)
2(895 896)
2(896 897)
2(897 898)
2(898 899)
2(899 900)
2(900 901)
2(901 902)
2(903 904)
2(904 905)
2(905 906)
2(906 907)
2(907 908)
2(908 909)
2(909 910)
2(910 911)
2(911 912)
2(912 913)
2(913 914)
2(914 915)
2(915 916)
2(916 917)
2(917 918)
2(918 919)
2(919 920)
2(920 921)
2(921 922)
2(922 923)
2(924 925)
2(925 926)
2(926 927)
2(927 928)
2(928 929)
2(929 930)
2(930 931)
2(931 932)
2(932 933)
2(933 934)
2(934 935)
2(935 936)
2(936 937)
2(937 938)
2(938 939)
2(939 940)
2(940 941)
2(941 942)
2(942 943)
2(943 944)
2(945 946)
2(946 947)
2(947 948)
2(948 949)
2(949 950)
2(950 951)
2(951 952)
2(952 953)
2(953 954)
2(954 955)
2(955 956)
2(956 957)
2(957 958)
2(958 959)
2(959 960)
2(960 961)
2(961 962)
2(962 963)
2(963 964)
2(964 965)
2(966 967)
2(967 968)
2(968 969)
2(969 970)
2(970 971)
2(971 972)
2(972 973)
2(973 974)
2(974 975)
2(975 976)
2(976 977)
2(977 978)
2(978 979)
2(979 980)
2(980 981)
2(981 982)
2(982 983)
2(983 984)
2(984 985)
2(985 986)
2(987 988)
2(988 989)
2(989 990)
2(990 991)
2(991 992)
2(992 993)
2(993 994)
2(994 995)
2(995 996)
2(996 997)
2(997 998)
2(998 999)
2(999 1000)
2(1000 1001)
2(1001 1002)
2(1002 1003)
2(1003 1004)
2(1004 1005)
2(1005 1006)
2(1006 1007)
2(1008 1009)
2(1009 1010)
2(1010 1011)
2(1011 1012)
2(1012 1013)
2(1013 1014)
2(1014 1015)
2(1015 1016)
2(1016 1017)
2(1017 1018)
2(1018 1019)
2(1019 1020)
2(1020 1021)
2(1021 1022)
2(1022 1023)
2(1023 1024)
2(1024 1025)
2(1025 1026)
2(1026 1027)
2(1027 1028)
2(1029 1030)
2(1030 1031)
2(1031 1032)
2(1032 1033)
2(1033 1034)
2(1034 1035)
2(1035 1036)
2(1036 1037)
2(1037 1038)
2(1038 1039)
2(1039 1040)
2(1040 1041)
2(1041 1042)
2(1042 1043)
2(1043 1044)
2(1044 1045)
2(1045 1046)
2(1046 1047)
2(1047 1048)
2(1048 1049)
2(1050 1051)
2(1051 1052)
2(1052 1053)
2(1053 1054)
2(1054 1055)
2(1055 1056)
2(1056 1057)
2(1057 1058)
2(1058 1059)
2(1059 1060)
2(1060 1061)
2(1061 1062)
2(1062 1063)
2(1063 1064)
2(1064 1065)
2(1065 1066)
2(1066 1067)
2(1067 1068)
2(1068 1069)
2(1069 1070)
2(0 21)
2(21 42)
2(42 63)
2(63 84)
2(84 105)
2(105 126)
2(126 147)
2(147 168)
2(168 189)
2(189 210)
2(210 231)
2(231 252)
2(252 273)
2(273 294)
2(294 315)
2(315 336)
2(336 357)
2(357 378)
2(378 399)
2(399 420)
2(420 441)
2(441 462)
2(462 483)
2(483 504)
2(504 525)
2(525 546)
2(546 567)
2(567 588)
2(588 609)
2(609 630)
2(630 651)
2(651 672)
2(672 693)
2(693 714)
2(714 735)
2(735 756)
2(756 777)
2(777 798)
2(798 819)
2(819 840)
2(840 861)
2(861 882)
2(882 903)
2(903 924)
2(924 945)
2(945 966)
2(966 987)
2(987 1008)
2(1008 1029)
2(1029 1050)
2(1 22)
2(22 43)
2(43 64)
2(64 85)
2(85 106)
2(106 127)
2(127 148)
2(148 169)
2(169 190)
2(190 211)
2(211 232)
2(232 253)
2(253 274)
2(274 295)
2(295 316)
2(316 337)
2(337 358)
2(358 379)
2(379 400)
2(400 421)
2(421 442)
2(442 463)
2(463 484)
2(484 505)
2(505 526)
2(526 547)
2(547 568)
2(568 589)
2(589 610)
2(610 631)
2(631 652)
2(652 673)
2(673 694)
2(694 715)
2(715 736)
2(736 757)
2(757 778)
2(778 799)
2(799 820)
2(820 841)
2(841 862)
2(862 883)
2(883 904)
2(904 925)
2(925 946)
2(946 967)
2(967 988)
2(988 1009)
2(1009 1030)
2(1030 1051)
2(2 23)
2(23 44)
2(44 65)
2(65 86)
2(86 107)
2(107 128)
2(128 149)
2(149 170)
2(170 191)
2(191 212)
2(212 233)
2(233 254)
2(254 275)
2(275 296)
2(296 317)
2(317 338)
2(338 359)
2(359 380)
2(380 401)
2(401 422)
2(422 443)
2(443 464)
2(464 485)
2(485 506)
2(506 527)
2(527 548)
2(548 569)
2(569 590)
2(590 611)
2(611 632)
2(632 653)
2(653 674)
2(674 695)
2(695 716)
2(716 737)
2(737 758)
2(758 779)
2(779 800)
2(800 821)
2(821 842)
2(842 863)
2(863 884)
2(884 905)
2(905 926)
2(926 947)
2(947 968)
2(968 989)
2(989 1010)
2(1010 1031)
2(1031 1052)
2(3 24)
2(24 45)
2(45 66)
2(66 87)
2(87 108)
2(108 129)
2(129 150)
2(150 171)
2(171 192)
2(192 213)
2(213 234)
2(234 255)
2(255 276)
2(276 297)
2(297 318)
2(318 339)
2(339 360)
2(360 381)
2(381 402)
2(402 423)
2(423 444)
2(444 465)
2(465 486)
2(486 507)
2(507 528)
2(528 549)
2(549 570)
2(570 591)
2(591 612)
2(612 633)
2(633 654)
2(654 675)
2(675 696)
2(696 717)
2(717 738)
2(738 759)
2(759 780)
2(780 801)
2(801 822)
2(822 843)
2(843 864)
2(864 885)
2(885 906)
2(906 927)
2(927 948)
2(948 969)
2(969 990)
2(990 1011)
2(1011 1032)
2(1032 1053)
2(4 25)
2(25 46)
2(46 67)
2(67 88)
2(88 109)
2(109 130)
2(130 151)
2(151 172)
2(172 193)
2(193 214)
2(214 235)
2(235 256)
2(256 277)
2(277 298)
2(298 319)
2(319 340)
2(340 361)
2(361 382)
2(382 403)
2(403 424)
2(424 445)
2(445 466)
2(466 487)
2(487 508)
2(508 529)
2(529 550)
2(550 571)
2(571 592)
2(592 613)
2(613 634)
2(634 655)
2(655 676)
2(676 697)
2(697 718)
2(718 739)
2(739 760)
2(760 781)
2(781 802)
2(802 823)
2(823 844)
2(844 865)
2(865 886)
2(886 907)
2(907 928)
2(928 949)
2(949 970)
2(970 991)
2(991 1012)
2(1012 1033)
2(1033 1054)
2(5 26)
2(26 47)
2(47 68)
2(68 89)
2(89 110)
2(110 131)
2(131 152)
2(152 173)
2(173 194)
2(194 215)
2(215 236)
2(236 257)
2(257 278)
2(278 299)
2(299 320)
2(320 341)
2(341 362)
2(362 383)
2(383 404)
2(404 425)
2(425 446)
2(446 467)
2(467 488)
2(488 509)
2(509 530)
2(530 551)
2(551 572)
2(572 593)
2(593 614)
2(614 635)
2(635 656)
2(656 677)
2(677 698)
2(698 719)
2(719 740)
2(740 761)
2(761 782)
2(782 803)
2(803 824)
2(824 845)
2(845 866)
2(866 887)
2(887 908)
2(908 929)
2(929 950)
2(950 971)
2(971 992)
2(992 1013)
2(1013 1034)
2(1034 1055)
2(6 27)
2(27 48)
2(48 69)
2(69 90)
2(90 111)
2(111 132)
2(132 153)
2(153 174)
2(174 195)
2(195 216)
2(216 237)
2(237 258)
2(258 279)
2(279 300)
2(300 321)
2(321 342)
2(342 363)
2(363 384)
2(384 405)
2(405 426)
2(426 447)
2(447 468)
2(468 489)
2(489 510)
2(510 531)
2(531 552)
2(552 573)
2(573 594)
2(594 615)
2(615 636)
2(636 657)
2(657 678)
2(678 699)
2(699 720)
2(720 741)
2(741 762)
2(762 783)
2(783 804)
2(804 825)
2(825 846)
2(846 867)
2(867 888)
2(888 909)
2(909 930)
2(930 951)
2(951 972)
2(972 993)
2(993 1014)
2(1014 1035)
2(1035 1056)
2(7 28)
2(28 49)
2(49 70)
2(70 91)
2(91 112)
2(112 133)
2(133 154)
2(154 175)
2(175 196)
2(196 217)
2(217 238)
2(238 259)
2(259 280)
2(280 301)
2(301 322)
2(322 343)
2(343 364)
2(364 385)
2(385 406)
2(406 427)
2(427 448)
2(448 469)
2(469 490)
2(490 511)
2(511 532)
2(532 553)
2(553 574)
2(574 595)
2(595 616)
2(616 637)
2(637 658)
2(658 679)
2(679 700)
2(700 721)
2(721 742)
2(742 763)
2(763 784)
2(784 805)
2(805 826)
2(826 847)
2(847 868)
2(868 889)
2(889 910)
2(910 931)
2(931 952)
2(952 973)
2(973 994)
2(994 1015)
2(1015 1036)
2(1036 1057)
2(8 29)
2(29 50)
2(50 71)
2(71 92)
2(92 113)
2(113 134)
2(134 155)
2(155 176)
2(176 197)
2(197 218)
2(218 239)
2(239 260)
2(260 281)
2(281 302)
2(302 323)
2(323 344)
2(344 365)
2(365 386)
2(386 407)
2(407 428)
2(428 449)
2(449 470)
2(470 491)
2(491 512)
2(512 533)
2(533 554)
2(554 575)
2(575 596)
2(596 617)
2(617 638)
2(638 659)
2(659 680)
2(680 701)
2(701 722)
2(722 743)
2(743 764)
2(764 785)
2(785 806)
2(806 827)
2(827 848)
2(848 869)
2(869 890)
2(890 911)
2(911 932)
2(932 953)
2(953 974)
2(974 995)
2(995 1016)
2(1016 1037)
2(1037 1058)
2(9 30)
2(30 51)
2(51 72)
2(72 93)
2(93 114)
2(114 135)
2(135 156)
2(156 177)
2(177 198)
2(198 219)
2(219 240)
2(240 261)
2(261 282)
2(282 303)
2(303 324)
2(324 345)
2(345 366)
2(366 387)
2(387 408)
2(408 429)
2(429 450)
2(450 471)
2(471 492)
2(492 513)
2(513 534)
2(534 555)
2(555 576)
2(576 597)
2(597 618)
2(618 639)
2(639 660)
2(660 681)
2(681 702)
2(702 723)
2(723 744)
2(744 765)
2(765 786)
2(786 807)
2(807 828)
2(828 849)
2(849 870)
2(870 891)
2(891 912)
2(912 933)
2(933 954)
2(954 975)
2(975 996)
2(996 1017)
2(1017 1038)
2(1038 1059)
2(10 31)
2(31 52)
2(52 73)
2(73 94)
2(94 115)
2(115 136)
2(136 157)
2(157 178)
2(178 199)
2(199 220)
2(220 241)
2(241 262)
2(262 283)
2(283 304)
2(304 325)
2(325 346)
2(346 367)
2(367 388)
2(388 409)
2(409 430)
2(430 451)
2(451 472)
2(472 493)
2(493 514)
2(514 535)
2(535 556)
2(556 577)
2(577 598)
2(598 619)
2(619 640)
2(640 661)
2(661 682)
2(682 703)
2(703 724)
2(724 745)
2(745 766)
2(766 787)
2(787 808)
2(808 829)
2(829 850)
2(850 871)
2(871 892)
2(892 913)
2(913 934)
2(934 955)
2(955 976)
2(976 997)
2(997 1018)
2(1018 1039)
2(1039 1060)
2(11 32)
2(32 53)
2(53 74)
2(74 95)
2(95 116)
2(116 137)
2(137 158)
2(158 179)
2(179 200)
2(200 221)
2(221 242)
2(242 263)
2(263 284)
2(284 305)
2(305 326)
2(326 347)
2(347 368)
2(368 389)
2(389 410)
2(410 431)
2(431 452)
2(452 473)
2(473 494)
2(494 515)
2(515 536)
2(536 557)
2(557 578)
2(578 599)
2(599 620)
2(620 641)
2(641 662)
2(662 683)
2(683 704)
2(704 725)
2(725 746)
2(746 767)
2(767 788)
2(788 809)
2(809 830)
2(830 851)
2(851 872)
2(872 893)
2(893 914)
2(914 935)
2(935 956)
2(956 977)
2(977 998)
2(998 1019)
2(1019 1040)
2(1040 1061)
2(12 33)
2(33 54)
2(54 75)
2(75 96)
2(96 117)
2(117 138)
2(138 159)
2(159 180)
2(180 201)
2(201 222)
2(222 243)
2(243 264)
2(264 285)
2(285 306)
2(306 327)
2(327 348)
2(348 369)
2(369 390)
2(390 411)
2(411 432)
2(432 453)
2(453 474)
2(474 495)
2(495 516)
2(516 537)
2(537 558)
2(558 579)
2(579 600)
2(600 621)
2(621 642)
2(642 663)
2(663 684)
2(684 705)
2(705 726)
2(726 747)
2(747 768)
2(768 789)
2(789 810)
2(810 831)
2(831 852)
2(852 873)
2(873 894)
2(894 915)
2(915 936)
2(936 957)
2(957 978)
2(978 999)
2(999 1020)
2(1020 1041)
2(1041 1062)
2(13 34)
2(34 55)
2(55 76)
2(76 97)
2(97 118)
2(118 139)
2(139 160)
2(160 181)
2(181 202)
2(202 223)
2(223 244)
2(244 265)
2(265 286)
2(286 307)
2(307 328)
2(328 349)
2(349 370)
2(370 391)
2(391 412)
2(412 433)
2(433 454)
2(454 475)
2(475 496)
2(496 517)
2(517 538)
2(538 559)
2(559 580)
2(580 601)
2(601 622)
2(622 643)
2(643 664)
2(664 685)
2(685 706)
2(706 727)
2(727 748)
2(748 769)
2(769 790)
2(790 811)
2(811 832)
2(832 853)
2(853 874)
2(874 895)
2(895 916)
2(916 937)
2(937 958)
2(958 979)
2(979 1000)
2(1000 1021)
2(1021 1042)
2(1042 1063)
2(14 35)
2(35 56)
2(56 77)
2(77 98)
2(98 119)
2(119 140)
2(140 161)
2(161 182)
2(182 203)
2(203 224)
2(224 245)
2(245 266)
2(266 287)
2(287 308)
2(308 329)
2(329 350)
2(350 371)
2(371 392)
2(392 413)
2(413 434)
2(434 455)
2(455 476)
2(476 497)
2(497 518)
2(518 539)
2(539 560)
2(560 581)
2(581 602)
2(602 623)
2(623 644)
2(644 665)
2(665 686)
2(686 707)
2(707 728)
2(728 749)
2(749 770)
2(770 791)
2(791 812)
2(812 833)
2(833 854)
2(854 875)
2(875 896)
2(896 917)
2(917 938)
2(938 959)
2(959 980)
2(980 1001)
2(1001 1022)
2(1022 1043)
2(1043 1064)
2(15 36)
2(36 57)
2(57 78)
2(78 99)
2(99 120)
2(120 141)
2(141 162)
2(162 183)
2(183 204)
2(204 225)
2(225 246)
2(246 267)
2(267 288)
2(288 309)
2(309 330)
2(330 351)
2(351 372)
2(372 393)
2(393 414)
2(414 435)
2(435 456)
2(456 477)
2(477 498)
2(498 519)
2(519 540)
2(540 561)
2(561 582)
2(582 603)
2(603 624)
2(624 645)
2(645 666)
2(666 687)
2(687 708)
2(708 729)
2(729 750)
2(750 771)
2(771 792)
2(792 813)
2(813 834)
2(834 855)
2(855 876)
2(876 897)
2(897 918)
2(918 939)
2(939 960)
2(960 981)
2(981 1002)
2(1002 1023)
2(1023 1044)
2(1044 1065)
2(16 37)
2(37 58)
2(58 79)
2(79 100)
2(100 121)
2(121 142)
2(142 163)
2(163 184)
2(184 205)
2(205 226)
2(226 247)
2(247 268)
2(268 289)
2(289 310)
2(310 331)
2(331 352)
2(352 373)
2(373 394)
2(394 415)
2(415 436)
2(436 457)
2(457 478)
2(478 499)
2(499 520)
2(520 541)
2(541 562)
2(562 583)
2(583 604)
2(604 625)
2(625 646)
2(646 667)
2(667 688)
2(688 709)
2(709 730)
2(730 751)
2(751 772)
2(772 793)
2(793 814)
2(814 835)
2(835 856)
2(856 877)
2(877 898)
2(898 919)
2(919 940)
2(940 961)
2(961 982)
2(982 1003)
2(1003 1024)
2(1024 1045)
2(1045 1066)
2(17 38)
2(38 59)
2(59 80)
2(80 101)
2(101 122)
2(122 143)
2(143 164)
2(164 185)
2(185 206)
2(206 227)
2(227 248)
2(248 269)
2(269 290)
2(290 311)
2(311 332)
2(332 353)
2(353 374)
2(374 395)
2(395 416)
2(416 437)
2(437 458)
2(458 479)
2(479 500)
2(500 521)
2(521 542)
2(542 563)
2(563 584)
2(584 605)
2(605 626)
2(626 647)
2(647 668)
2(668 689)
2(689 710)
2(710 731)
2(731 752)
2(752 773)
2(773 794)
2(794 815)
2(815 836)
2(836 857)
2(857 878)
2(878 899)
2(899 920)
2(920 941)
2(941 962)
2(962 983)
2(983 1004)
2(1004 1025)
2(1025 1046)
2(1046 1067)
2(18 39)
2(39 60)
2(60 81)
2(81 102)
2(102 123)
2(123 144)
2(144 165)
2(165 186)
2(186 207)
2(207 228)
2(228 249)
2(249 270)
2(270 291)
2(291 312)
2(312 333)
2(333 354)
2(354 375)
2(375 396)
2(396 417)
2(417 438)
2(438 459)
2(459 480)
2(480 501)
2(501 522)
2(522 543)
2(543 564)
2(564 585)
2(585 606)
2(606 627)
2(627 648)
2(648 669)
2(669 690)
2(690 711)
2(711 732)
2(732 753)
2(753 774)
2(774 795)
2(795 816)
2(816 837)
2(837 858)
2(858 879)
2(879 900)
2(900 921)
2(921 942)
2(942 963)
2(963 984)
2(984 1005)
2(1005 1026)
2(1026 1047)
2(1047 1068)
2(19 40)
2(40 61)
2(61 82)
2(82 103)
2(103 124)
2(124 145)
2(145 166)
2(166 187)
2(187 208)
2(208 229)
2(229 250)
2(250 271)
2(271 292)
2(292 313)
2(313 334)
2(334 355)
2(355 376)
2(376 397)
2(397 418)
2(418 439)
2(439 460)
2(460 481)
2(481 502)
2(502 523)
2(523 544)
2(544 565)
2(565 586)
2(586 607)
2(607 628)
2(628 649)
2(649 670)
2(670 691)
2(691 712)
2(712 733)
2(733 754)
2(754 775)
2(775 796)
2(796 817)
2(817 838)
2(838 859)
2(859 880)
2(880 901)
2(901 922)
2(922 943)
2(943 964)
2(964 985)
2(985 1006)
2(1006 1027)
2(1027 1048)
2(1048 1069)
2(20 41)
2(41 62)
2(62 83)
2(83 104)
2(104 125)
2(125 146)
2(146 167)
2(167 188)
2(188 209)
2(209 230)
2(230 251)
2(251 272)
2(272 293)
2(293 314)
2(314 335)
2(335 356)
2(356 377)
2(377 398)
2(398 419)
2(419 440)
2(440 461)
2(461 482)
2(482 503)
2(503 524)
2(524 545)
2(545 566)
2(566 587)
2(587 608)
2(608 629)
2(629 650)
2(650 671)
2(671 692)
2(692 713)
2(713 734)
2(734 755)
2(755 776)
2(776 797)
2(797 818)
2(818 839)
2(839 860)
2(860 881)
2(881 902)
2(902 923)
2(923 944)
2(944 965)
2(965 986)
2(986 1007)
2(1007 1028)
2(1028 1049)
2(1049 1070)
)
