500
(
4(0 545 20 520)
4(1 570 21 545)
4(2 595 22 570)
4(3 620 23 595)
4(4 645 24 620)
4(5 670 25 645)
4(6 695 26 670)
4(7 720 27 695)
4(8 745 28 720)
4(9 770 29 745)
4(10 795 30 770)
4(11 820 31 795)
4(12 845 32 820)
4(13 870 33 845)
4(14 895 34 870)
4(15 920 35 895)
4(16 945 36 920)
4(17 970 37 945)
4(18 995 38 970)
4(19 1020 39 995)
4(20 546 40 521)
4(21 571 41 546)
4(22 596 42 571)
4(23 621 43 596)
4(24 646 44 621)
4(25 671 45 646)
4(26 696 46 671)
4(27 721 47 696)
4(28 746 48 721)
4(29 771 49 746)
4(30 796 50 771)
4(31 821 51 796)
4(32 846 52 821)
4(33 871 53 846)
4(34 896 54 871)
4(35 921 55 896)
4(36 946 56 921)
4(37 971 57 946)
4(38 996 58 971)
4(39 1021 59 996)
4(40 547 60 522)
4(41 572 61 547)
4(42 597 62 572)
4(43 622 63 597)
4(44 647 64 622)
4(45 672 65 647)
4(46 697 66 672)
4(47 722 67 697)
4(48 747 68 722)
4(49 772 69 747)
4(50 797 70 772)
4(51 822 71 797)
4(52 847 72 822)
4(53 872 73 847)
4(54 897 74 872)
4(55 922 75 897)
4(56 947 76 922)
4(57 972 77 947)
4(58 997 78 972)
4(59 1022 79 997)
4(60 548 80 523)
4(61 573 81 548)
4(62 598 82 573)
4(63 623 83 598)
4(64 648 84 623)
4(65 673 85 648)
4(66 698 86 673)
4(67 723 87 698)
4(68 748 88 723)
4(69 773 89 748)
4(70 798 90 773)
4(71 823 91 798)
4(72 848 92 823)
4(73 873 93 848)
4(74 898 94 873)
4(75 923 95 898)
4(76 948 96 923)
4(77 973 97 948)
4(78 998 98 973)
4(79 1023 99 998)
4(80 549 100 524)
4(81 574 101 549)
4(82 599 102 574)
4(83 624 103 599)
4(84 649 104 624)
4(85 674 105 649)
4(86 699 106 674)
4(87 724 107 699)
4(88 749 108 724)
4(89 774 109 749)
4(90 799 110 774)
4(91 824 111 799)
4(92 849 112 824)
4(93 874 113 849)
4(94 899 114 874)
4(95 924 115 899)
4(96 949 116 924)
4(97 974 117 949)
4(98 999 118 974)
4(99 1024 119 999)
4(100 550 120 525)
4(101 575 121 550)
4(102 600 122 575)
4(103 625 123 600)
4(104 650 124 625)
4(105 675 125 650)
4(106 700 126 675)
4(107 725 127 700)
4(108 750 128 725)
4(109 775 129 750)
4(110 800 130 775)
4(111 825 131 800)
4(112 850 132 825)
4(113 875 133 850)
4(114 900 134 875)
4(115 925 135 900)
4(116 950 136 925)
4(117 975 137 950)
4(118 1000 138 975)
4(119 1025 139 1000)
4(120 551 140 526)
4(121 576 141 551)
4(122 601 142 576)
4(123 626 143 601)
4(124 651 144 626)
4(125 676 145 651)
4(126 701 146 676)
4(127 726 147 701)
4(128 751 148 726)
4(129 776 149 751)
4(130 801 150 776)
4(131 826 151 801)
4(132 851 152 826)
4(133 876 153 851)
4(134 901 154 876)
4(135 926 155 901)
4(136 951 156 926)
4(137 976 157 951)
4(138 1001 158 976)
4(139 1026 159 1001)
4(140 552 160 527)
4(141 577 161 552)
4(142 602 162 577)
4(143 627 163 602)
4(144 652 164 627)
4(145 677 165 652)
4(146 702 166 677)
4(147 727 167 702)
4(148 752 168 727)
4(149 777 169 752)
4(150 802 170 777)
4(151 827 171 802)
4(152 852 172 827)
4(153 877 173 852)
4(154 902 174 877)
4(155 927 175 902)
4(156 952 176 927)
4(157 977 177 952)
4(158 1002 178 977)
4(159 1027 179 1002)
4(160 553 180 528)
4(161 578 181 553)
4(162 603 182 578)
4(163 628 183 603)
4(164 653 184 628)
4(165 678 185 653)
4(166 703 186 678)
4(167 728 187 703)
4(168 753 188 728)
4(169 778 189 753)
4(170 803 190 778)
4(171 828 191 803)
4(172 853 192 828)
4(173 878 193 853)
4(174 903 194 878)
4(175 928 195 903)
4(176 953 196 928)
4(177 978 197 953)
4(178 1003 198 978)
4(179 1028 199 1003)
4(180 554 200 529)
4(181 579 201 554)
4(182 604 202 579)
4(183 629 203 604)
4(184 654 204 629)
4(185 679 205 654)
4(186 704 206 679)
4(187 729 207 704)
4(188 754 208 729)
4(189 779 209 754)
4(190 804 210 779)
4(191 829 211 804)
4(192 854 212 829)
4(193 879 213 854)
4(194 904 214 879)
4(195 929 215 904)
4(196 954 216 929)
4(197 979 217 954)
4(198 1004 218 979)
4(199 1029 219 1004)
4(200 555 220 530)
4(201 580 221 555)
4(202 605 222 580)
4(203 630 223 605)
4(204 655 224 630)
4(205 680 225 655)
4(206 705 226 680)
4(207 730 227 705)
4(208 755 228 730)
4(209 780 229 755)
4(210 805 230 780)
4(211 830 231 805)
4(212 855 232 830)
4(213 880 233 855)
4(214 905 234 880)
4(215 930 235 905)
4(216 955 236 930)
4(217 980 237 955)
4(218 1005 238 980)
4(219 1030 239 1005)
4(220 556 240 531)
4(221 581 241 556)
4(222 606 242 581)
4(223 631 243 606)
4(224 656 244 631)
4(225 681 245 656)
4(226 706 246 681)
4(227 731 247 706)
4(228 756 248 731)
4(229 781 249 756)
4(230 806 250 781)
4(231 831 251 806)
4(232 856 252 831)
4(233 881 253 856)
4(234 906 254 881)
4(235 931 255 906)
4(236 956 256 931)
4(237 981 257 956)
4(238 1006 258 981)
4(239 1031 259 1006)
4(240 557 260 532)
4(241 582 261 557)
4(242 607 262 582)
4(243 632 263 607)
4(244 657 264 632)
4(245 682 265 657)
4(246 707 266 682)
4(247 732 267 707)
4(248 757 268 732)
4(249 782 269 757)
4(250 807 270 782)
4(251 832 271 807)
4(252 857 272 832)
4(253 882 273 857)
4(254 907 274 882)
4(255 932 275 907)
4(256 957 276 932)
4(257 982 277 957)
4(258 1007 278 982)
4(259 1032 279 1007)
4(260 558 280 533)
4(261 583 281 558)
4(262 608 282 583)
4(263 633 283 608)
4(264 658 284 633)
4(265 683 285 658)
4(266 708 286 683)
4(267 733 287 708)
4(268 758 288 733)
4(269 783 289 758)
4(270 808 290 783)
4(271 833 291 808)
4(272 858 292 833)
4(273 883 293 858)
4(274 908 294 883)
4(275 933 295 908)
4(276 958 296 933)
4(277 983 297 958)
4(278 1008 298 983)
4(279 1033 299 1008)
4(280 559 300 534)
4(281 584 301 559)
4(282 609 302 584)
4(283 634 303 609)
4(284 659 304 634)
4(285 684 305 659)
4(286 709 306 684)
4(287 734 307 709)
4(288 759 308 734)
4(289 784 309 759)
4(290 809 310 784)
4(291 834 311 809)
4(292 859 312 834)
4(293 884 313 859)
4(294 909 314 884)
4(295 934 315 909)
4(296 959 316 934)
4(297 984 317 959)
4(298 1009 318 984)
4(299 1034 319 1009)
4(300 560 320 535)
4(301 585 321 560)
4(302 610 322 585)
4(303 635 323 610)
4(304 660 324 635)
4(305 685 325 660)
4(306 710 326 685)
4(307 735 327 710)
4(308 760 328 735)
4(309 785 329 760)
4(310 810 330 785)
4(311 835 331 810)
4(312 860 332 835)
4(313 885 333 860)
4(314 910 334 885)
4(315 935 335 910)
4(316 960 336 935)
4(317 985 337 960)
4(318 1010 338 985)
4(319 1035 339 1010)
4(320 561 340 536)
4(321 586 341 561)
4(322 611 342 586)
4(323 636 343 611)
4(324 661 344 636)
4(325 686 345 661)
4(326 711 346 686)
4(327 736 347 711)
4(328 761 348 736)
4(329 786 349 761)
4(330 811 350 786)
4(331 836 351 811)
4(332 861 352 836)
4(333 886 353 861)
4(334 911 354 886)
4(335 936 355 911)
4(336 961 356 936)
4(337 986 357 961)
4(338 1011 358 986)
4(339 1036 359 1011)
4(340 562 360 537)
4(341 587 361 562)
4(342 612 362 587)
4(343 637 363 612)
4(344 662 364 637)
4(345 687 365 662)
4(346 712 366 687)
4(347 737 367 712)
4(348 762 368 737)
4(349 787 369 762)
4(350 812 370 787)
4(351 837 371 812)
4(352 862 372 837)
4(353 887 373 862)
4(354 912 374 887)
4(355 937 375 912)
4(356 962 376 937)
4(357 987 377 962)
4(358 1012 378 987)
4(359 1037 379 1012)
4(360 563 380 538)
4(361 588 381 563)
4(362 613 382 588)
4(363 638 383 613)
4(364 663 384 638)
4(365 688 385 663)
4(366 713 386 688)
4(367 738 387 713)
4(368 763 388 738)
4(369 788 389 763)
4(370 813 390 788)
4(371 838 391 813)
4(372 863 392 838)
4(373 888 393 863)
4(374 913 394 888)
4(375 938 395 913)
4(376 963 396 938)
4(377 988 397 963)
4(378 1013 398 988)
4(379 1038 399 1013)
4(380 564 400 539)
4(381 589 401 564)
4(382 614 402 589)
4(383 639 403 614)
4(384 664 404 639)
4(385 689 405 664)
4(386 714 406 689)
4(387 739 407 714)
4(388 764 408 739)
4(389 789 409 764)
4(390 814 410 789)
4(391 839 411 814)
4(392 864 412 839)
4(393 889 413 864)
4(394 914 414 889)
4(395 939 415 914)
4(396 964 416 939)
4(397 989 417 964)
4(398 1014 418 989)
4(399 1039 419 1014)
4(400 565 420 540)
4(401 590 421 565)
4(402 615 422 590)
4(403 640 423 615)
4(404 665 424 640)
4(405 690 425 665)
4(406 715 426 690)
4(407 740 427 715)
4(408 765 428 740)
4(409 790 429 765)
4(410 815 430 790)
4(411 840 431 815)
4(412 865 432 840)
4(413 890 433 865)
4(414 915 434 890)
4(415 940 435 915)
4(416 965 436 940)
4(417 990 437 965)
4(418 1015 438 990)
4(419 1040 439 1015)
4(420 566 440 541)
4(421 591 441 566)
4(422 616 442 591)
4(423 641 443 616)
4(424 666 444 641)
4(425 691 445 666)
4(426 716 446 691)
4(427 741 447 716)
4(428 766 448 741)
4(429 791 449 766)
4(430 816 450 791)
4(431 841 451 816)
4(432 866 452 841)
4(433 891 453 866)
4(434 916 454 891)
4(435 941 455 916)
4(436 966 456 941)
4(437 991 457 966)
4(438 1016 458 991)
4(439 1041 459 1016)
4(440 567 460 542)
4(441 592 461 567)
4(442 617 462 592)
4(443 642 463 617)
4(444 667 464 642)
4(445 692 465 667)
4(446 717 466 692)
4(447 742 467 717)
4(448 767 468 742)
4(449 792 469 767)
4(450 817 470 792)
4(451 842 471 817)
4(452 867 472 842)
4(453 892 473 867)
4(454 917 474 892)
4(455 942 475 917)
4(456 967 476 942)
4(457 992 477 967)
4(458 1017 478 992)
4(459 1042 479 1017)
4(460 568 480 543)
4(461 593 481 568)
4(462 618 482 593)
4(463 643 483 618)
4(464 668 484 643)
4(465 693 485 668)
4(466 718 486 693)
4(467 743 487 718)
4(468 768 488 743)
4(469 793 489 768)
4(470 818 490 793)
4(471 843 491 818)
4(472 868 492 843)
4(473 893 493 868)
4(474 918 494 893)
4(475 943 495 918)
4(476 968 496 943)
4(477 993 497 968)
4(478 1018 498 993)
4(479 1043 499 1018)
4(480 569 500 544)
4(481 594 501 569)
4(482 619 502 594)
4(483 644 503 619)
4(484 669 504 644)
4(485 694 505 669)
4(486 719 506 694)
4(487 744 507 719)
4(488 769 508 744)
4(489 794 509 769)
4(490 819 510 794)
4(491 844 511 819)
4(492 869 512 844)
4(493 894 513 869)
4(494 919 514 894)
4(495 944 515 919)
4(496 969 516 944)
4(497 994 517 969)
4(498 1019 518 994)
4(499 1044 519 1019)
)
