546
(
(0 0)
(0.005 0)
(0.01 0)
(0.015 0)
(0.02 0)
(0.025 0)
(0.03 0)
(0.035 0)
(0.04 0)
(0.045 0)
(0.05 0)
(0.055 0)
(0.06 0)
(0.065 0)
(0.07 0)
(0.075 0)
(0.08 0)
(0.085 0)
(0.09 0)
(0.095 0)
(0.1 0)
(0 0.004)
(0.005 0.004)
(0.01 0.004)
(0.015 0.004)
(0.02 0.004)
(0.025 0.004)
(0.03 0.004)
(0.035 0.004)
(0.04 0.004)
(0.045 0.004)
(0.05 0.004)
(0.055 0.004)
(0.06 0.004)
(0.065 0.004)
(0.07 0.004)
(0.075 0.004)
(0.08 0.004)
(0.085 0.004)
(0.09 0.004)
(0.095 0.004)
(0.1 0.004)
(0 0.008)
(0.005 0.008)
(0.01 0.008)
(0.015 0.008)
(0.02 0.008)
(0.025 0.008)
(0.03 0.008)
(0.035 0.008)
(0.04 0.008)
(0.045 0.008)
(0.05 0.008)
(0.055 0.008)
(0.06 0.008)
(0.065 0.008)
(0.07 0.008)
(0.075 0.008)
(0.08 0.008)
(0.085 0.008)
(0.09 0.008)
(0.095 0.008)
(0.1 0.008)
(0 0.012)
(0.005 0.012)
(0.01 0.012)
(0.015 0.012)
(0.02 0.012)
(0.025 0.012)
(0.03 0.012)
(0.035 0.012)
(0.04 0.012)
(0.045 0.012)
(0.05 0.012)
(0.055 0.012)
(0.06 0.012)
(0.065 0.012)
(0.07 0.012)
(0.075 0.012)
(0.08 0.012)
(0.085 0.012)
(0.09 0.012)
(0.095 0.012)
(0.1 0.012)
(0 0.016)
(0.005 0.016)
(0.01 0.016)
(0.015 0.016)
(0.02 0.016)
(0.025 0.016)
(0.03 0.016)
(0.035 0.016)
(0.04 0.016)
(0.045 0.016)
(0.05 0.016)
(0.055 0.016)
(0.06 0.016)
(0.065 0.016)
(0.07 0.016)
(0.075 0.016)
(0.08 0.016)
(0.085 0.016)
(0.09 0.016)
(0.095 0.016)
(0.1 0.016)
(0 0.02)
(0.005 0.02)
(0.01 0.02)
(0.015 0.02)
(0.02 0.02)
(0.025 0.02)
(0.03 0.02)
(0.035 0.02)
(0.04 0.02)
(0.045 0.02)
(0.05 0.02)
(0.055 0.02)
(0.06 0.02)
(0.065 0.02)
(0.07 0.02)
(0.075 0.02)
(0.08 0.02)
(0.085 0.02)
(0.09 0.02)
(0.095 0.02)
(0.1 0.02)
(0 0.024)
(0.005 0.024)
(0.01 0.024)
(0.015 0.024)
(0.02 0.024)
(0.025 0.024)
(0.03 0.024)
(0.035 0.024)
(0.04 0.024)
(0.045 0.024)
(0.05 0.024)
(0.055 0.024)
(0.06 0.024)
(0.065 0.024)
(0.07 0.024)
(0.075 0.024)
(0.08 0.024)
(0.085 0.024)
(0.09 0.024)
(0.095 0.024)
(0.1 0.024)
(0 0.028)
(0.005 0.028)
(0.01 0.028)
(0.015 0.028)
(0.02 0.028)
(0.025 0.028)
(0.03 0.028)
(0.035 0.028)
(0.04 0.028)
(0.045 0.028)
(0.05 0.028)
(0.055 0.028)
(0.06 0.028)
(0.065 0.028)
(0.07 0.028)
(0.075 0.028)
(0.08 0.028)
(0.085 0.028)
(0.09 0.028)
(0.095 0.028)
(0.1 0.028)
(0 0.032)
(0.005 0.032)
(0.01 0.032)
(0.015 0.032)
(0.02 0.032)
(0.025 0.032)
(0.03 0.032)
(0.035 0.032)
(0.04 0.032)
(0.045 0.032)
(0.05 0.032)
(0.055 0.032)
(0.06 0.032)
(0.065 0.032)
(0.07 0.032)
(0.075 0.032)
(0.08 0.032)
(0.085 0.032)
(0.09 0.032)
(0.095 0.032)
(0.1 0.032)
(0 0.036)
(0.005 0.036)
(0.01 0.036)
(0.015 0.036)
(0.02 0.036)
(0.025 0.036)
(0.03 0.036)
(0.035 0.036)
(0.04 0.036)
(0.045 0.036)
(0.05 0.036)
(0.055 0.036)
(0.06 0.036)
(0.065 0.036)
(0.07 0.036)
(0.075 0.036)
(0.08 0.036)
(0.085 0.036)
(0.09 0.036)
(0.095 0.036)
(0.1 0.036)
(0 0.04)
(0.005 0.04)
(0.01 0.04)
(0.015 0.04)
(0.02 0.04)
(0.025 0.04)
(0.03 0.04)
(0.035 0.04)
(0.04 0.04)
(0.045 0.04)
(0.05 0.04)
(0.055 0.04)
(0.06 0.04)
(0.065 0.04)
(0.07 0.04)
(0.075 0.04)
(0.08 0.04)
(0.085 0.04)
(0.09 0.04)
(0.095 0.04)
(0.1 0.04)
(0 0.044)
(0.005 0.044)
(0.01 0.044)
(0.015 0.044)
(0.02 0.044)
(0.025 0.044)
(0.03 0.044)
(0.035 0.044)
(0.04 0.044)
(0.045 0.044)
(0.05 0.044)
(0.055 0.044)
(0.06 0.044)
(0.065 0.044)
(0.07 0.044)
(0.075 0.044)
(0.08 0.044)
(0.085 0.044)
(0.09 0.044)
(0.095 0.044)
(0.1 0.044)
(0 0.048)
(0.005 0.048)
(0.01 0.048)
(0.015 0.048)
(0.02 0.048)
(0.025 0.048)
(0.03 0.048)
(0.035 0.048)
(0.04 0.048)
(0.045 0.048)
(0.05 0.048)
(0.055 0.048)
(0.06 0.048)
(0.065 0.048)
(0.07 0.048)
(0.075 0.048)
(0.08 0.048)
(0.085 0.048)
(0.09 0.048)
(0.095 0.048)
(0.1 0.048)
(0 0.052)
(0.005 0.052)
(0.01 0.052)
(0.015 0.052)
(0.02 0.052)
(0.025 0.052)
(0.03 0.052)
(0.035 0.052)
(0.04 0.052)
(0.045 0.052)
(0.05 0.052)
(0.055 0.052)
(0.06 0.052)
(0.065 0.052)
(0.07 0.052)
(0.075 0.052)
(0.08 0.052)
(0.085 0.052)
(0.09 0.052)
(0.095 0.052)
(0.1 0.052)
(0 0.056)
(0.005 0.056)
(0.01 0.056)
(0.015 0.056)
(0.02 0.056)
(0.025 0.056)
(0.03 0.056)
(0.035 0.056)
(0.04 0.056)
(0.045 0.056)
(0.05 0.056)
(0.055 0.056)
(0.06 0.056)
(0.065 0.056)
(0.07 0.056)
(0.075 0.056)
(0.08 0.056)
(0.085 0.056)
(0.09 0.056)
(0.095 0.056)
(0.1 0.056)
(0 0.06)
(0.005 0.06)
(0.01 0.06)
(0.015 0.06)
(0.02 0.06)
(0.025 0.06)
(0.03 0.06)
(0.035 0.06)
(0.04 0.06)
(0.045 0.06)
(0.05 0.06)
(0.055 0.06)
(0.06 0.06)
(0.065 0.06)
(0.07 0.06)
(0.075 0.06)
(0.08 0.06)
(0.085 0.06)
(0.09 0.06)
(0.095 0.06)
(0.1 0.06)
(0 0.064)
(0.005 0.064)
(0.01 0.064)
(0.015 0.064)
(0.02 0.064)
(0.025 0.064)
(0.03 0.064)
(0.035 0.064)
(0.04 0.064)
(0.045 0.064)
(0.05 0.064)
(0.055 0.064)
(0.06 0.064)
(0.065 0.064)
(0.07 0.064)
(0.075 0.064)
(0.08 0.064)
(0.085 0.064)
(0.09 0.064)
(0.095 0.064)
(0.1 0.064)
(0 0.068)
(0.005 0.068)
(0.01 0.068)
(0.015 0.068)
(0.02 0.068)
(0.025 0.068)
(0.03 0.068)
(0.035 0.068)
(0.04 0.068)
(0.045 0.068)
(0.05 0.068)
(0.055 0.068)
(0.06 0.068)
(0.065 0.068)
(0.07 0.068)
(0.075 0.068)
(0.08 0.068)
(0.085 0.068)
(0.09 0.068)
(0.095 0.068)
(0.1 0.068)
(0 0.072)
(0.005 0.072)
(0.01 0.072)
(0.015 0.072)
(0.02 0.072)
(0.025 0.072)
(0.03 0.072)
(0.035 0.072)
(0.04 0.072)
(0.045 0.072)
(0.05 0.072)
(0.055 0.072)
(0.06 0.072)
(0.065 0.072)
(0.07 0.072)
(0.075 0.072)
(0.08 0.072)
(0.085 0.072)
(0.09 0.072)
(0.095 0.072)
(0.1 0.072)
(0 0.076)
(0.005 0.076)
(0.01 0.076)
(0.015 0.076)
(0.02 0.076)
(0.025 0.076)
(0.03 0.076)
(0.035 0.076)
(0.04 0.076)
(0.045 0.076)
(0.05 0.076)
(0.055 0.076)
(0.06 0.076)
(0.065 0.076)
(0.07 0.076)
(0.075 0.076)
(0.08 0.076)
(0.085 0.076)
(0.09 0.076)
(0.095 0.076)
(0.1 0.076)
(0 0.08)
(0.005 0.08)
(0.01 0.08)
(0.015 0.08)
(0.02 0.08)
(0.025 0.08)
(0.03 0.08)
(0.035 0.08)
(0.04 0.08)
(0.045 0.08)
(0.05 0.08)
(0.055 0.08)
(0.06 0.08)
(0.065 0.08)
(0.07 0.08)
(0.075 0.08)
(0.08 0.08)
(0.085 0.08)
(0.09 0.08)
(0.095 0.08)
(0.1 0.08)
(0 0.084)
(0.005 0.084)
(0.01 0.084)
(0.015 0.084)
(0.02 0.084)
(0.025 0.084)
(0.03 0.084)
(0.035 0.084)
(0.04 0.084)
(0.045 0.084)
(0.05 0.084)
(0.055 0.084)
(0.06 0.084)
(0.065 0.084)
(0.07 0.084)
(0.075 0.084)
(0.08 0.084)
(0.085 0.084)
(0.09 0.084)
(0.095 0.084)
(0.1 0.084)
(0 0.088)
(0.005 0.088)
(0.01 0.088)
(0.015 0.088)
(0.02 0.088)
(0.025 0.088)
(0.03 0.088)
(0.035 0.088)
(0.04 0.088)
(0.045 0.088)
(0.05 0.088)
(0.055 0.088)
(0.06 0.088)
(0.065 0.088)
(0.07 0.088)
(0.075 0.088)
(0.08 0.088)
(0.085 0.088)
(0.09 0.088)
(0.095 0.088)
(0.1 0.088)
(0 0.092)
(0.005 0.092)
(0.01 0.092)
(0.015 0.092)
(0.02 0.092)
(0.025 0.092)
(0.03 0.092)
(0.035 0.092)
(0.04 0.092)
(0.045 0.092)
(0.05 0.092)
(0.055 0.092)
(0.06 0.092)
(0.065 0.092)
(0.07 0.092)
(0.075 0.092)
(0.08 0.092)
(0.085 0.092)
(0.09 0.092)
(0.095 0.092)
(0.1 0.092)
(0 0.096)
(0.005 0.096)
(0.01 0.096)
(0.015 0.096)
(0.02 0.096)
(0.025 0.096)
(0.03 0.096)
(0.035 0.096)
(0.04 0.096)
(0.045 0.096)
(0.05 0.096)
(0.055 0.096)
(0.06 0.096)
(0.065 0.096)
(0.07 0.096)
(0.075 0.096)
(0.08 0.096)
(0.085 0.096)
(0.09 0.096)
(0.095 0.096)
(0.1 0.096)
(0 0.1)
(0.005 0.1)
(0.01 0.1)
(0.015 0.1)
(0.02 0.1)
(0.025 0.1)
(0.03 0.1)
(0.035 0.1)
(0.04 0.1)
(0.045 0.1)
(0.05 0.1)
(0.055 0.1)
(0.06 0.1)
(0.065 0.1)
(0.07 0.1)
(0.075 0.1)
(0.08 0.1)
(0.085 0.1)
(0.09 0.1)
(0.095 0.1)
(0.1 0.1)
)
